7:302,29,616,138,58,650,518,866,8,861
18:47812,32205,54038,17608,85561,63512,17,43893,26299,16042
36:17,2162,654,616,84,29,1382,70,322,354
43:29732,14906,1678,2983,17,6977,15676,2345,14761,19982
45:347,4858,53818,16456,43527,117814,61381,110820,65088,40198
70:31670,76180,38142,74624,59931,302,76,115047,99661,100277
150:302,654,17,861,29,101,289,650,6,322
177:654,29,17,58,616,84,542,1140,15,1102
211:64225,115885,118581,63094,7794,60838,32070,41897,110439,74784
224:4797,601,4589,8694,353,15627,1467,12993,16918,53543
232:41443,10261,86134,37449,109145,62228,120622,99135,60364,73208
253:189,1527,3107,7831,4825,8848,3172,4568,6434,1206
272:1102,654,29,354,138,650,8,58,866,518
294:17,302,1102,289,101,861,29,8,354,363
328:123082,302,866,899,43507,654,361,138,84,650
331:302,654,616,58,17,6,15,542,861,162
361:29,354,58,138,616,650,518,8,301,736
410:4755,984,10041,463,8860,3172,2880,574,1013,7711
490:302,17,15,101,29,289,32,354,61,554
500:17,3448,1912,14750,650,302,776,62,12253,8861
535:17,29,1102,861,289,101,239,6,354,542
618:17,226,76,138,866,650,616,554,518,780
624:15450,17,3915,76,7006,1589,3864,27444,27045,508
632:81,13371,36681,17529,102504,12982,62664,17,76251,37986
634:3423,226,780,262,30486,14250,986,17,70,3137
684:69720,11470,29161,11984,10865,59404,86509,62346,58444,87528
715:12861,4671,6394,1753,59850,101827,14375,8392,1547,8427
716:17,70959,56166,8897,616,302,654,650,58,33321
757:17,47161,616,302,107887,654,84976,76,58,564
803:17,6450,1119,138,4420,3389,891,84,302,15242
844:29,58,354,736,518,8,301,76,861,94
850:866,17,354,9482,546,13468,254,9890,657,1995
891:361,17,254,302,2638,654,138,354,650,358
900:2447,8209,31369,16155,24211,4126,25504,3829,13388,94192
911:16701,43400,20416,87631,4586,76,7981,20836,4427,2139
925:17,302,654,58,616,84,564,93298,29,1102
964:2403,3207,970,17,9490,33639,1825,5108,8871,10046
982:17,2162,875,1119,84,6450,2225,109008,11995,85902
1027:168,2103,1400,9417,3709,3211,1740,2833,3601,10267
1028:17,302,616,58,354,29,518,6,542,15
1049:76,564,40,2139,101626,46663,81,17,116211,104010
1068:13853,73569,17,33762,8928,101069,1256,441,1002,5122
1132:17,650,302,58,654,861,518,2200,554,15
1141:17,9594,75835,88876,74982,4671,14259,5512,7468,82205
1148:99113,99417,87862,44600,72343,89979,71197,25380,92056,110419
1166:1382,17,15,508,5117,61,32,616,496,542
1192:302,58,616,17,29,1102,101,542,861,138
1204:302,654,616,29,17,58,61,15,542,322
1208:17,302,58,654,616,162,861,29,15,542
1342:84,518,17,88233,302,72675,616,39096,654,51939
1397:81,140,98886,27338,2379,3910,1749,17071,11772,986
1402:302,616,58,84,1102,354,239,6,289,61
1419:4755,7880,6434,3172,4825,7831,11725,23191,8225,4568
1437:698,17,650,76,40552,2069,70,564,2139,616
1486:39207,168,57525,82319,57984,91530,34436,100396,76354,117885
1491:302,654,58,616,84,239,1102,542,285,6
1634:9662,8337,80190,13782,28136,10783,15180,83050,121578,9095
1642:302,58,654,101,1102,289,354,861,542,508
1721:34700,302,15,245,654,119968,58,61,616,289
1728:302,58,84,354,616,239,1102,1476,726,6
1745:17,117196,23083,33360,105060,101245,78724,97458,118314,34110
1761:25716,42190,30210,19433,45169,94836,23824,66480,70173,119401
1767:1187,84,354,58,138,875,1102,866,616,518
1788:140,2967,2379,1884,780,2241,3137,731,1888,32166
1842:58,302,17,616,84,29,542,554,1102,114
1880:875,17,1119,4420,107083,42527,105633,81921,32909,49601
1891:302,654,17,58,616,29,43709,62301,84,1102
1911:29727,4016,53100,5466,17271,106596,22665,92332,45897,109978
1912:17,138,8,302,650,518,654,616,1462,84
1913:302,17,654,616,58,66665,5662,542,861,84
1951:1360,2121,98617,122274,87557,59310,31609,43119,60195,115025
1952:17,616,162,84,289,239,101,1476,1102,861
2025:10075,61580,90630,17064,92686,111350,60222,111627,77172,32452
2034:57937,22904,6186,43115,32154,104789,58219,22928,75097,37061
2038:74977,17,654,302,46978,12222,29,12446,58,65121
2112:5480,17,866,2153,1400,76,711,7180,984,226
2116:17,1187,302,616,654,1119,58,542,496,84
2185:17,29798,518,650,302,238,616,41221,554,11556
2211:82813,44173,101523,62500,5111,14793,27070,13049,17,226
2301:101819,78089,65970,42004,97413,103684,85441,110025,48766,104127
2304:9874,719,661,5480,984,5557,463,7180,76,2642
2325:899,84,875,48,8,1187,302,1606,654,736
2347:2186,109758,100785,67268,7728,87351,78503,24792,58282,55325
2382:17,12776,59383,67998,7333,111498,119,41171,29740,29773
2384:17,4420,1119,6945,84,15242,7506,518,496,891
2385:302,17,29,58,616,84,1476,1102,861,6
2395:616,17,289,101,1140,84,1476,32,483,1102
2399:17,26312,45956,47516,226,1382,10842,1023,138,5522
2408:302,654,84,58,354,866,1102,29,301,899
2429:41383,40846,354,9482,9890,18820,13468,17,657,57360
2447:29,84,354,1102,289,861,101,76,6,285
2454:3107,1527,1352,2880,1206,7880,6434,12990,5624,8225
2456:17,29,58,64125,650,616,138,866,3730,84
2524:302,654,17,58,616,1476,84,1102,354,495
2541:302,58,654,861,29,101,84,15,354,32
2547:17,27535,67346,650,1245,302,654,15975,750,2338
2591:616,58,654,302,17,861,542,29,162,1231
2601:17,36266,607,41261,114599,77531,110991,14259,302,31368
2612:58,654,861,542,302,15,101,17,486,289
2615:29,861,542,101,84,289,8,61,32,518
2625:2714,2403,1827,774,38943,64391,3207,33465,95000,14290
2636:654,29,58,84,354,616,1102,239,542,76
2639:35688,26621,115669,50744,89595,72710,7182,17,41626,508
2650:33609,97607,90235,17731,13766,75058,86115,14600,23102,10451
2663:17,23348,59567,908,7048,931,90263,59825,68791,60884
2716:16542,76547,56430,21085,99299,4238,17893,96532,34128,7733
2734:564,20090,20119,4017,10749,115266,97618,76,120554,61231
2735:12990,1527,3107,8848,1712,4825,3172,7880,3328,24581
2745:17,254,82704,546,54442,77850,7910,33385,43927,3023
2746:5595,16151,24118,4158,20922,13987,13137,22338,27209,7687
2760:29,84,1102,289,861,101,162,15,76,138
2799:4513,8928,4189,62976,39328,102997,113056,21474,710,1002
2802:2594,79262,116598,34914,27163,36693,53525,87213,87540,105544
2804:17,650,224,654,302,138,508,1245,62,354
2815:984,30976,12136,3438,463,8252,1682,1400,10752,27295
2831:84,654,138,29,58,43202,53740,591,354,518
2871:189,4755,41383,40846,378,1527,57940,3107,2715,6266
2912:226,3789,34174,62896,45956,5545,1435,7793,116423,8011
2914:58,302,654,17,542,1102,510,15,8,101
2924:1400,2028,984,168,574,5480,21324,50769,23285,7711
2925:10999,106900,41508,79576,35828,57293,7014,12165,15337,38729
2970:616,17,68239,302,186,22713,654,10178,9879,591
3004:11859,168,8860,3709,2402,984,3601,3379,3211,1400
3013:4755,3107,2880,1527,17,1352,7831,7006,10041,70
3044:302,58,654,289,554,650,138,616,354,518
3070:10692,8783,2354,6117,4146,26437,8129,12848,3095,10322
3100:302,616,101,29,84,354,76,1102,542,239
3102:984,1400,574,5480,7711,2153,168,8733,463,7180
3105:418,654,17,58,302,861,508,84,354,1382
3111:58,302,616,101,9180,654,289,25015,53315,22686
3113:13832,42785,302,17,654,616,394,58,24894,82400
3139:361,17,69649,39106,67803,63710,74255,70290,19276,107375
3170:17,616,58,654,302,564,1382,76,84,101
3172:7769,17,616,302,48214,58,654,650,138,1403
3184:8935,108727,53060,111704,14452,79612,118789,96902,78564,5145
3195:1479,17,65419,119906,45392,74144,12745,113166,6494,29598
3229:53452,102919,9396,33118,17,302,616,654,58,32
3239:17,29,58,616,84,354,239,1102,1476,6
3258:58,17,654,861,29,542,32,84,354,15
3277:168,76,10267,6387,719,5480,9874,984,1528,22614
3279:17,361,116247,27000,111437,95073,7685,138,28308,47693
3295:1730,5097,5812,12180,64307,17,62168,3568,87110,81
3320:3196,6754,7160,24752,10541,63563,2548,14793,13995,3370
3353:16624,108422,17,12455,16385,21742,38719,11588,33952,866
3374:17,616,58,654,23631,9964,64730,115246,52319,114359
3412:88275,72467,107299,78657,68683,56533,79323,71593,129,28790
3423:17,1382,564,76,616,58,302,84,32,656
3426:58,616,654,302,101,289,17,542,861,483
3429:302,654,650,554,138,861,84,162,546,518
3432:17,86366,57887,109402,88261,52940,121537,78020,115656,60814
3475:17,123125,114068,302,616,654,58,88249,88471,81847
3478:15,289,84,101,6,1102,650,61,1196,554
3557:168,135,719,984,1400,2642,661,8860,3721,5480
3579:17,29,58,354,616,239,1476,6,726,495
3580:641,12586,780,3423,3137,17,2241,76,2967,500
3599:81,49495,71319,107107,36560,36933,21182,70587,698,17
3610:17,138,1102,302,76,8,508,654,361,94
3613:11565,48384,2630,5145,986,100877,107830,73826,20280,1526
3694:17,302,616,8,650,654,736,58,238,84
3728:29384,22555,53016,79096,56414,12216,74038,16995,108265,44996
3737:302,616,654,58,84,354,395,29,861,138
3751:17,616,654,650,8,29,58,84,999,62
3752:17,302,361,29,58,354,84,301,650,616
3811:15545,66796,117938,62094,54909,55891,1337,12294,75251,8443
3820:17,58,616,354,495,1239,861,726,3,285
3921:81,1749,986,2616,731,2204,42780,7211,16680,8511
3947:84,518,302,650,654,736,354,1102,616,53715
3950:302,654,554,861,138,289,84,518,1804,238
4007:81,42924,35264,71698,23952,226,52098,104856,15894,8674
4008:17,302,226,84,654,354,2583,138,76,931
4031:17,7311,111897,27642,48055,83439,4505,12150,1188,1382
4035:3207,2403,2714,1827,2696,1524,774,2816,3506,14152
4067:58,654,17,861,542,101,289,15,1196,402
4103:302,654,58,84,616,866,29,650,76,138
4104:76,302,736,616,654,518,84,650,58,138
4167:8968,17,36331,1606,302,508,41945,112040,14156,23035
4171:9019,5112,13407,2766,8321,19302,15156,9289,73510,11050
4248:83762,86333,2075,61489,112958,13082,86884,39946,88504,16247
4265:17,302,94635,104099,89817,654,49643,10084,25089,74827
4273:302,361,654,866,84,70,301,76,29,1462
4275:17,654,29,84,58,616,32,76,354,1102
4353:787,1077,302,49643,1023,654,84,17,327,8
4357:17,564,302,103,873,8,616,2200,654,65
4407:58,29,616,650,518,554,101,84,8,1804
4457:17,654,245,616,15,1165,542,1057,14716,8
4458:17,44634,616,19285,518,364,542,554,6915,21548
4517:302,1102,58,354,616,29,564,289,138,518
4522:26509,214,16866,6223,15163,6194,3522,7622,22238,61228
4537:40356,22713,186,7649,45641,17,64973,302,36743,394
4588:17,58,302,616,554,101,138,650,518,1804
4637:3926,35703,106663,40992,106018,86608,111807,82118,69653,100737
4641:189,4825,12990,2880,1527,5624,7880,6266,6434,3107
4682:22920,14714,10937,24059,37778,7454,35798,66718,19637,95041
4687:302,29,58,616,84,1102,354,726,495,6
4692:302,654,84,58,616,354,29,1102,15,239
4751:25910,8167,12332,57974,45095,3126,3477,14841,37042,76321
4760:4427,29419,9867,26966,26985,76,4425,6387,17,12165
4762:302,616,654,58,17,542,15,61,861,6
4788:1102,302,654,58,518,616,101,650,138,866
4816:17,85885,47934,23243,38462,80236,20576,4210,54336,37036
4831:654,29,58,84,616,354,1102,239,6,495
4870:616,17,837,302,654,239,58,395,861,29
4894:4880,866,17,37335,47538,76,108576,12055,78662,96821
4934:1352,2880,10041,1527,27070,3107,44318,157,7160,1712
4944:113789,17,30117,302,33050,78010,75932,18732,40202,98175
4946:17,72987,39258,44991,17273,51320,59767,35418,109469,93465
4961:12652,23169,27716,30143,33346,75298,116932,3134,110064,56994
4986:654,17,29,616,508,101,289,84,1834,354
4998:17,302,58,861,29,84,542,6,354,726
5002:6503,8660,9216,53856,74954,15921,26849,5502,4949,24608
5006:17,58,654,302,29,76,40167,29101,81098,84061
5015:17,4268,15,616,302,58,364,61,654,32
5018:654,29,58,616,84,1102,354,239,76,322
5086:76,17,866,70,500,10048,546,1344,650,1023
5088:554,17,58,616,650,289,302,101,500,151
5090:41570,91608,121610,57521,33941,99952,59017,117859,17,13408
5120:866,361,17,2283,56244,546,123316,50818,68631,110105
5147:58,654,861,29,650,554,84,138,101,1102
5207:58113,29017,33239,47534,17,73991,16671,102450,94411,105497
5214:65377,60667,120818,17,49469,25976,76,302,654,84
5271:75582,36535,99356,26217,92036,100607,85703,21097,37610,120510
5306:17,3638,2890,616,10349,654,302,58,518,285
5323:82586,25412,103121,70927,93514,105808,50566,116711,724,100430
5335:1102,302,654,354,866,138,8,518,650,899
5364:7450,21442,1992,10305,4871,17721,67430,34127,24655,49507
5397:29,616,84,354,1102,650,866,289,554,301
5398:58,654,302,616,542,104934,289,1444,71206,17
5425:17,554,654,302,616,518,1804,650,8,84
5434:17,95233,5311,654,44208,81,226,138,3730,70
5456:302,616,17,8,654,518,84,364,58,542
5458:441,17,1205,76320,4421,1002,827,10536,2917,4856
5472:3423,16286,3498,5767,22597,1749,780,2616,2241,7211
5477:37419,116695,112244,88419,117501,28063,120430,57338,70014,4889
5478:24120,827,1410,1205,26262,10451,7091,17,4991,23824
5480:84,58,616,354,289,6,239,8,542,285
5499:2616,3939,1749,7211,37567,140,3718,3498,6108,9548
5500:90787,112645,90243,84530,49627,111688,119978,99656,79221,52778
5527:302,654,616,29,58,84,564,76,354,138
5551:302,22856,22507,654,361,616,26519,62347,31633,19319
5562:302,17,58,616,29,944,84,354,1102,542
5580:302,654,616,58,29,84,32,15,61,518
5611:302,654,58,616,224,518,32,43567,62,55346
5644:1397,4889,104930,43652,28017,9054,14268,5975,8041,1957
5645:17,11484,76,654,302,616,901,138,84,58
5656:1102,302,654,616,518,58,354,787,29,101
5666:236,7795,1912,12253,10014,3448,11724,5457,14750,20045
5707:3172,1352,2880,1527,189,3107,11725,12990,8225,6601
5718:17,361,48,1187,302,654,1119,84,138,301
5765:654,17,302,58,861,15,542,902,1196,76
5865:57977,56232,78918,114018,90360,74238,23832,347,5693,2291
5866:81,731,35229,168,226,76,508,1460,5738,25230
5890:302,654,17,3719,66903,34760,108488,54733,72653,97266
5905:518,84,17,1102,302,616,654,58,101,5998
5990:87258,17,14732,14920,302,616,654,58,245,92993
6002:92724,81709,17,88824,32798,46949,29849,302,616,650
6013:5956,18293,12236,12435,1878,3265,11234,23682,44423,54477
6020:18975,5053,23230,24655,14890,56900,20855,23622,1992,20573
6062:99911,31773,17,26837,91879,27726,62980,55216,23283,81
6073:17,29,58,616,84,1102,354,6,1476,495
6093:654,29,361,48,138,115021,98257,8,25805,650
6109:17,302,15921,1359,8,616,6243,84,654,12724
6118:654,616,29,518,650,899,500,58,84,15
6128:84,354,1102,289,861,650,76,138,101,6
6135:102385,53499,13219,13129,11780,20889,117175,76311,117319,2860
6137:302,58,289,518,138,8,29,354,361,861
6140:17,616,409,58,302,14152,654,2816,974,542
6164:3423,986,140,41163,101073,27491,226,1749,5767,70
6179:10981,7097,7268,16817,18920,13743,512,17048,33228,7065
6186:654,616,302,101,17,542,162,402,554,84
6202:17,84151,12090,564,302,654,224,429,650,616
6205:17,83183,85748,20831,254,546,83629,302,650,654
6207:39546,302,84,58,654,616,29,76,3,6
6210:1102,17,48,1187,302,518,138,654,354,101
6219:4755,3107,1527,10041,2880,11725,7880,7859,1352,15608
6283:302,654,58,616,29,84,354,138,1102,518
6292:975,58873,28230,61034,94485,94702,30918,6648,72746,106173
6331:3423,780,226,731,1749,2241,5860,3374,2616,8588
6392:70,564,17,986,53268,26180,25581,50398,26104,52100
6404:168,9783,661,984,2642,38469,15949,5480,4877,2833
6407:1527,1352,28621,23191,81,7859,59423,30043,104662,11725
6420:984,463,10648,168,1400,574,8733,719,8860,2153
6457:77984,44315,114321,17,14470,302,76,102509,111731,398
6469:17,302,654,1462,58,70,554,650,84,518
6475:302,17,29,616,289,101,84,354,394,1476
6543:654,616,17,58,29,84,1102,542,861,101
6555:654,58,354,616,8,138,6,239,518,1476
6593:17,29,58,616,510,84,239,1140,726,1102
6594:1913,17,48,1187,138,866,361,1462,2935,302
6597:17,76,26437,70,10692,2528,1651,564,6901,616
6600:81,2379,226,3423,17317,70,1884,2967,35720,140
6655:866,17,546,1995,109264,70348,22390,48224,302,254
6671:25960,39897,63088,3536,27122,1830,38470,106737,65887,111112
6676:17,302,654,58,616,84,27705,866,29,564
6682:84,58,616,239,15,1476,285,866,6,3
6724:17,46213,616,7237,107864,92065,6371,226,238,99193
6737:17,654,302,616,873,2200,58,35442,76,84
6755:1102,17,302,654,8,354,58,616,29,1762
6773:301,616,8,518,101,554,875,285,1119,749
6792:302,17,654,58,861,8,29,354,101,518
6881:47043,6491,785,17,6127,18239,21970,500,78050,11671
6883:17,302,94,654,58,224,616,84,508,354
6889:3216,302,654,899,84,25165,59197,301,866,39572
6895:8218,866,1763,11498,28735,38510,75864,8993,3761,79374
6933:17,1745,14521,16654,650,58650,17492,63146,616,82584
6960:361,11782,98181,5807,57108,29473,87207,22097,57474,26959
6977:473,73688,79831,57635,616,355,61626,302,17,10561
6982:361,17,75251,2845,47429,10692,2354,26437,254,4093
6984:14095,63505,10448,7565,73267,108856,93130,91774,27757,51437
6992:2714,1827,2403,3506,3207,1524,970,441,19794,5840
7019:17,48,1187,2162,1119,518,302,58,8,84
7035:7411,49084,10898,302,107027,2566,654,616,3115,650
7036:17,302,654,354,84,1462,58,650,1102,518
7044:48,1187,8579,84,654,302,8151,301,70,138
7053:91887,37482,14038,79591,96157,55211,25165,59197,55476,76
7118:654,58,29,616,138,238,84,76,62,518
7133:58,84,354,650,616,866,1102,138,48,518
7137:8563,7082,4943,26165,70580,39684,34038,23213,52245,15202
7159:654,302,101,84,861,29,1102,542,3,239
7178:302,63619,62842,107021,31647,120779,33580,616,322,654
7192:58,616,29,289,101,84,15,76,61,861
7242:19029,5611,44935,94354,9782,20037,76460,22848,7614,48582
7268:17,616,84,289,1102,15,101,1476,354,162
7291:2715,55035,245,2028,441,1744,43342,93623,111391,120603
7326:76,302,361,654,650,866,138,2265,616,58
7340:15238,70959,8897,56166,5670,33321,11579,4743,18614,43710
7346:508,9800,33921,1326,168,564,2153,66028,58936,68308
7410:81,34829,46621,22823,226,2379,6202,17339,140,20396
7419:463,8860,168,1400,2103,5480,1147,9417,984,11255
7433:302,654,138,616,58,650,84,899,8,1550
7451:69,1917,38690,1617,17944,93408,12597,52829,65161,55235
7461:17,16432,89069,62123,63283,120743,31545,114485,10077,21852
7466:2268,1951,29097,28682,16514,24187,20711,24738,4934,245
7556:67880,20008,17498,22059,6219,25740,48210,14505,47738,3481
7563:84,58,354,650,138,866,616,361,518,301
7586:5480,168,984,2833,1740,12254,8860,1124,2161,760
7590:44144,654,302,616,289,363,101,29,394,76
7608:302,654,354,58,616,138,8,1476,239,495
7612:616,58,654,302,17,1424,542,162,101,1196
7678:1352,3107,2880,6434,3172,8848,6601,12990,4825,23191
7699:13298,105524,18476,1919,9341,41954,929,43152,123155,87928
7713:654,29,1912,236,5457,650,4092,354,58,84
7760:68700,21903,87667,39551,47852,72988,38546,38046,17,36108
7766:43500,118281,93752,102443,82919,76,168,58603,11499,18230
7787:17,12776,76,84,616,302,654,58,327,65
7825:1644,70,17,226,76881,28882,24030,13528,120105,112751
7833:17,66565,82996,19004,114733,77073,111624,40125,908,44737
7889:16340,2630,226,17,81,70,2379,87513,47041,3394
7945:168,2642,463,661,760,135,14226,1400,7235,5480
7951:84,29,58,616,354,301,76,239,322,289
7964:116164,42978,47501,81531,17,65558,37436,20055,54300,46414
7967:565,56568,45974,453,26531,111864,53369,15204,98797,99985
7969:17,361,302,182,654,1245,616,138,254,97
7976:42330,53254,76001,56884,93806,26279,46610,17,41166,42165
7990:2268,1951,17,564,245,616,58,1382,185,94
8002:441,16036,4856,10536,2028,13020,4715,14955,4421,15724
8009:17,72029,121448,58,591,861,302,654,650,518
8032:68914,37671,32244,17,1382,1435,82898,97097,95360,48413
8036:399,984,40319,463,1400,11859,5488,5480,8252,10267
8068:538,11358,7450,24655,28945,66271,5962,21442,3746,20855
8097:51052,1435,17,68806,91177,44970,508,1936,76,17968
8103:25751,58057,59438,47013,41180,18937,80047,81609,48159,44420
8130:1102,17,42945,116922,63596,302,8,654,354,112224
8141:2816,14152,17,41404,115228,25494,91081,974,76,10466
8144:168,463,7235,984,564,17,2318,661,9874,2642
8186:654,58,29,101,518,354,616,138,6,902
8200:654,302,84,58,29,616,239,1102,866,301
8206:15459,616,1598,1305,17,65599,29638,29658,112346,30705
8225:774,25783,9490,9217,33639,5108,8536,10046,43335,8871
8227:1267,4798,38,245,389,472,17,616,45456,302
8264:545,92062,73761,115800,53987,73077,9376,100889,43589,113232
8276:17,58,616,84,1102,1476,6,495,15,3
8310:6224,44227,4341,49237,120656,108999,60114,6668,17848,3033
8325:302,29,654,93329,29185,58,17,616,34537,495
8326:361,302,138,654,76,84,616,354,58,1001
8334:654,58,17,616,302,29,15,542,61,84
8343:302,616,654,58,790,40454,650,26748,1550,518
8347:29,616,354,101,861,289,8,6,138,650
8368:654,17,616,302,289,101,29,15,285,84
8401:302,361,654,84,58,354,138,239,749,726
8411:302,654,84,866,899,361,138,650,58,354
8510:9906,1811,151,10121,2615,6511,813,8964,19233,50153
8531:302,58,29,542,8,101,564,289,15,239
8536:1057,17,616,8579,654,58,542,84,508,245
8569:1527,4825,10041,1352,11725,7880,7859,189,6434,8848
8578:106,14152,2816,10466,974,4481,50156,1957,65496,13901
8581:17,236,14750,1912,650,302,654,776,10075,616
8600:17,90271,64520,76403,35827,95226,113135,40871,1360,302
8635:866,17,114745,61492,29884,87684,55351,89647,30657,302
8636:6901,26437,8783,5775,10302,9557,17,27747,28389,4110
8651:2162,875,1119,84,302,654,354,138,873,6450
8692:3423,2379,5767,780,3374,22597,1749,8283,3498,16286
8718:8860,1400,984,5480,2103,2402,7711,7180,1230,7404
8719:361,654,29,354,84,138,58,616,8,518
8736:6491,6127,17,18239,32616,7890,500,21799,11671,7503
8747:85160,302,654,84,138,354,650,866,29,361
8768:39619,5726,48992,56217,31619,18892,89977,4979,15475,33223
8782:5557,168,1400,8860,463,5480,8733,719,2888,2153
8789:117014,17,25987,1352,37709,10041,76,1382,301,94
8844:49290,2121,100449,111017,84691,103267,78744,89703,98841,58309
8852:70,17,100158,76,1119,81,10974,36997,302,780
8862:17,9854,85020,104993,84,65171,908,53491,63400,15950
8868:1102,17,302,8,654,354,58,119,616,518
8870:17,29,58,616,354,8,1476,6,495,101
8889:39766,17,123202,8011,1936,76,57664,123177,41380,2583
8890:226,17,9429,81446,114846,302,1462,7820,654,138
8912:17,138,43160,53368,46033,39618,123008,113091,107624,99674
8916:418,17,302,650,16619,57740,52967,55359,4375,654
8920:81,89506,7072,42467,102149,4854,17782,780,116081,36253
8958:31872,654,302,84,616,58,239,29,1140,1102
9000:302,17,1102,616,29,32,554,542,6,508
9001:4797,47366,110739,15995,16127,6417,12993,25629,55337,7126
9079:81,616,302,17,542,58,15,61,1535,32
9085:17,899,48,29,654,84,138,1119,518,354
9106:302,84,654,899,138,866,361,650,354,518
9122:17,302,58,861,9693,650,40265,78933,8625,138
9141:1527,3107,1352,2880,7880,189,5624,11725,8848,7859
9155:8409,17740,66983,14154,86151,103001,120221,120467,55433,31210
9158:3717,29491,55222,115489,26592,77779,94279,29688,122417,88623
9159:353,17,245,2268,302,3429,616,18319,518,654
9160:189,10041,1527,2880,4825,3107,1712,6434,3172,8848
9173:302,654,84,245,970,616,83282,62449,88480,113141
9200:52378,3787,14671,70182,45041,14628,30734,4621,44407,22719
9224:1382,1790,17,10695,70,34450,100652,10513,29626,84195
9233:22776,15373,42657,21029,21795,18708,523,119615,121747,44134
9236:34433,27013,57079,40884,22654,14740,17,54549,508,17534
9238:302,654,650,58,84,866,616,899,138,1344
9288:654,302,616,58,84,1287,354,289,1405,76
9310:17,58,302,616,1804,654,238,518,1403,101
9312:302,654,29,616,58,84,15,542,245,354
9350:616,654,17,302,58,736,84,106,289,10466
9359:58,302,654,616,84,354,542,518,1102,29
9369:168,102614,94856,85279,95729,101978,75554,8860,719,4792
9371:302,654,58,1119,29,101,616,2162,518,8151
9381:1913,22507,46332,19376,22856,19319,97201,62347,26121,25559
9400:17,58,4162,302,238,861,34507,10623,102603,120332
9431:9594,4671,83478,34689,26696,1468,1011,7622,1023,302
9432:17,302,654,354,8,616,58,29,1762,518
9442:140,1749,780,1888,986,226,5767,6108,2241,2379
9443:302,58,654,518,48,84,650,554,29,8
9451:302,58,29,616,84,354,899,301,736,518
9494:840,189,3196,2548,4755,27094,5111,508,157,14793
9500:76,17,75603,44066,86026,70966,120484,46787,121841,736
9568:1547,7622,12861,8759,4625,7088,8427,1011,2543,8867
9570:99397,84917,19846,94177,4994,103783,112170,56196,56495,52064
9573:4,20855,5962,18975,13555,11358,66271,9323,7429,10305
9590:58,302,17,289,542,29,245,518,61,1140
9613:10085,17,302,650,616,518,76,542,654,238
9680:302,654,17,58,616,1140,564,29,84,861
9693:17,654,302,616,58,29,84,564,322,354
9694:8301,43342,93623,111391,120603,30549,23042,105183,15542,32578
9711:36868,36887,88297,6720,6432,18422,86488,84537,97047,39875
9755:654,29,17,58,616,1102,84,6,162,495
9757:59623,48361,23599,9682,45321,69216,65787,103016,66320,64665
9786:361,48,302,354,654,1187,84,650,138,3484
9808:17,94324,8154,361,616,518,402,98334,542,15
9824:4513,44318,1256,62256,9055,3618,19810,38225,85926,3187
9831:168,984,574,25393,1400,719,8860,3709,7711,135
9837:17,654,29,138,616,554,650,289,101,518
9839:698,63687,55470,81802,60445,48497,93627,94567,87243,81
9879:1945,98624,50041,100286,76686,19557,118165,94368,15584,26405
9891:654,29,354,138,58,8,866,518,616,361
9896:1827,245,58,17,101,289,616,483,302,654
9899:866,48249,76386,77614,96929,105528,109454,56324,23516,109412
9911:17,29555,80425,52939,7744,8924,33132,650,37591,34320
9926:84,302,654,650,58,138,8,518,861,591
9929:302,654,84,58,616,29,518,866,138,899
9984:29024,74617,96683,46837,117863,45073,12550,71844,80398,49783
10040:168,7235,25178,2318,11834,52042,2642,61057,984,801
10050:6905,17,49796,69907,46547,38284,27127,63052,67291,70937
10073:52,58,654,302,17,1140,616,115125,89424,29
10082:4889,1397,302,1827,873,2714,2696,2403,113192,84
10110:67471,95965,302,654,301,650,361,84,616,4802
10111:17,564,245,508,402,302,542,1023,616,119
10115:17975,25553,9581,59971,21863,54747,52988,67631,55600,82636
10117:17,81951,88081,106630,37957,38176,65507,22942,53028,518
10130:21744,17733,41024,17,39678,16564,106799,66273,66282,74480
10132:616,327,65,302,542,2200,508,17,1152,15
10140:302,27583,12484,26316,29,654,58,17,616,1476
10196:302,58,616,29,354,84,239,3931,6,542
10200:2403,1524,970,3506,25783,9490,9217,33639,245,5108
10210:37386,17198,24919,78608,9629,17,2447,11623,11644,24211
10233:18156,89230,100785,65269,120587,58227,78503,109758,55325,78137
10235:6320,3282,3060,10882,11847,83921,100832,84220,32965,42203
10267:29,354,616,1187,289,101,736,2162,8,76
10359:302,654,285,54412,59644,58170,58,84,354,1476
10364:17,21486,32721,2530,364,1086,826,54998,23467,902
10366:58,654,861,29,650,84,999,354,15,138
10371:53016,12216,74038,79096,16456,43527,117814,61381,110820,40198
10408:840,14793,10541,33763,5111,6754,5627,27070,3370,13049
10420:17,58,82005,9585,100323,654,302,861,27338,98886
10439:84,29,354,289,861,101,76,239,6,301
10445:17,518,84,302,616,873,1102,654,431,58
10454:646,124,6789,17,1023,15,616,363,654,245
10480:58,654,302,861,17,101,542,29,554,15
10488:302,654,84,58,29,1102,616,301,866,289
10523:441,12551,1002,112533,8705,15199,4513,3618,25902,94711
10543:2715,2028,245,441,86461,4198,1744,4856,17,2646
10580:83134,115960,26680,19871,17,17567,45106,42024,80505,247
10655:17,654,302,84,35566,657,58,29,1102,616
10691:542,364,616,15,61,861,902,103,32,322
10693:654,17,302,861,289,101,84,29,1102,354
10698:302,17,654,58,591,861,650,162,518,29
10770:2543,7622,4625,11855,1011,12861,311,8759,10209,6900
10801:76,103715,2414,11325,6371,564,69859,698,57917,68296
10820:38085,66760,64788,96651,64104,48277,48286,52547,102055,28525
10844:59622,105574,41447,76,17,1462,70,2265,138,302
10854:13566,78928,51617,54897,16689,41850,45662,23368,63599,66003
10871:17,58,302,654,650,45,616,62,29,1693
10892:9318,83457,50939,77950,45337,9765,87486,32419,74510,25784
10908:101446,17,518,84,302,616,873,654,58,1102
10955:48,1187,17,2162,23,1119,302,875,84,496
10991:89977,81,115140,2139,115265,87186,36478,7320,19240,36398
11034:654,58,17,29,861,84,162,1140,1102,6
11047:1359,6243,17,102491,106732,39388,39502,122392,36860,1127
11110:2139,44,22365,73793,10016,70705,54534,88561,35966,18931
11132:189,22365,4755,6609,122099,1091,2880,3107,1527,10041
11149:302,654,354,58,616,8,1476,32,239,495
11193:91690,49767,36541,17,59746,429,40477,76,3218,40317
11222:50369,19544,96442,34240,50516,65045,6261,73901,109642,38910
11228:441,1256,9055,4513,14955,16036,13961,10536,29311,31492
11264:17,29,654,58,616,66472,42799,87227,495,1476
11273:29,84,58,616,1102,239,289,101,6,301
11287:1102,302,654,354,616,8,58,29,899,518
11332:31188,98337,100792,55777,103220,85124,65242,108417,33019,74854
11363:17,866,2292,5812,1462,546,302,87110,62168,654
11378:90982,17,70,58088,30726,122821,76,30348,39306,3357
11394:1606,112040,41945,14156,23035,8968,19018,756,4587,17
11428:17,302,654,84,58,354,1102,616,29,108451
11439:36819,93409,17,5117,245,23692,94391,75500,113022,8243
11507:17,361,650,736,2139,358,616,1344,518,500
11538:17,29,36105,58,616,25683,486,84,1476,495
11552:302,654,650,866,84,29,361,58,138,518
11554:1352,3107,10041,1527,189,4825,3172,2880,6434,60230
11558:1539,1825,30089,72188,72945,72329,44607,33573,45460,54675
11584:654,17,302,861,101,289,944,29,564,84
11603:17,616,302,654,58,837,861,29,239,84
11651:17,302,97674,106688,108604,116008,75905,52256,11999,6401
11657:76822,43414,20954,36785,8975,84,1058,67309,69783,47263
11660:84,17,58,354,616,1476,495,6,285,162
11676:16286,780,16404,6202,8511,2616,140,2241,5767,550
11685:302,654,17,616,88989,114193,119094,63326,118636,105743
11738:1102,56530,17,302,8,654,1762,354,25344,24262
11788:91297,59347,68380,76,28788,17,5550,55213,19217,22833
11825:70,17,81,1884,49693,25205,50285,55494,116460,26603
11835:29,17,58,616,84,1102,354,1476,6,495
11838:57418,65699,57649,33984,83519,49645,35973,61837,102944,96616
11839:10345,97455,84183,72022,49696,12988,94970,52411,105761,118323
11856:1888,7211,2967,226,3819,16680,6108,5767,780,41568
11884:90885,80815,93366,63807,49172,118923,123339,17734,14392,57836
11885:4513,16036,4715,1256,13881,13,9055,14955,31492,13020
11892:86371,39052,5398,19637,115889,116205,79062,121380,2712,35798
11893:17,63771,2354,60434,46247,10692,113372,18883,17555,102446
11896:361,3732,52734,33461,17,80971,76587,102272,86107,61788
11922:654,17,302,616,289,101,29,239,84,6
11928:17,224,899,616,650,654,302,58,48,1245
11939:73782,64595,17,35177,65856,51283,116899,45094,42147,25366
11956:654,616,29,650,554,518,84,138,76,1804
11962:7000,238,3847,1730,81,40,2481,76,103240,53784
11968:17,873,93203,94574,96564,4526,1539,3381,35879,20334
11972:82167,122092,16237,17,302,63796,64007,36603,8451,25468
11979:866,17,25412,546,33712,500,254,62168,138,7305
12027:17,3937,20405,17191,564,650,302,58,654,616
12047:2139,2008,116475,103381,30856,48740,17,1164,76,68126
12067:6117,4146,2528,10302,4110,26437,4093,12093,3095,17622
12094:168,984,4877,463,7235,2632,2642,1400,661,574
12170:564,17,302,616,654,58,650,84,354,29
12232:654,302,17,861,289,101,29,84,483,542
12296:899,1187,48,1119,4420,17,6945,1057,1389,14370
12327:42715,70591,17,36562,6545,2630,3446,54539,40924,111904
12328:899,17,1119,84,6945,1023,496,302,354,654
12379:42510,105134,65,17,511,327,119,518,1287,375
12453:2162,1102,875,302,1119,354,654,138,866,518
12464:17,13832,225,7067,696,616,302,654,8,78727
12467:94788,17,45438,535,37159,65920,33167,106937,5507,38975
12474:17,2082,38774,77875,24046,8,518,48007,67799,11967
12512:654,616,58,84,1102,239,354,15,542,6
12531:17,616,564,58,650,654,302,238,518,542
12536:17,84,302,58,29,616,518,1102,101,15
12541:17,226,1462,138,9425,99397,52064,84917,19846,94177
12544:58,616,17,654,302,289,84,15,518,354
12549:17,254,546,354,302,654,1995,138,2638,76
12552:518,17,28472,999,542,8,16789,616,15,100508
12555:37827,8899,53092,63596,116922,42945,34916,12921,88877,122460
12642:654,17,29,616,1102,289,354,6,15,1140
12660:616,302,654,58,17,490,861,542,1196,6
12663:17,21492,357,302,650,616,138,888,58,654
12669:17,302,97290,19280,5843,105159,25310,654,95773,95055
12701:17,84,14035,27705,32205,616,63512,302,999,1102
12723:3618,6315,710,14955,4421,1002,1256,16036,1875,16465
12739:105698,93499,2832,24464,12039,29912,88116,129,2492,28790
12766:81,3407,3423,15243,2204,140,1749,94793,3819,1888
12773:69111,55267,114709,59656,9397,26035,2194,26138,52311,21240
12796:76,361,6387,17,866,103745,64334,22614,40263,31633
12836:616,58,654,542,17,861,302,15,6,1196
12841:61267,1921,12099,70277,60650,9127,95209,58745,37666,27249
12885:302,654,58,616,650,162,84,1140,29,564
12892:302,616,654,58,76,224,236,518,8,97
12928:17,2162,875,84,518,891,6450,302,496,138
12985:44036,4985,93399,3001,77143,41002,74028,68301,89068,29591
12986:17,719,564,463,5480,650,661,984,302,226
12991:17,508,650,76,564,616,236,302,138,654
13004:98592,67274,61582,37793,74836,112442,91507,76301,46575,86522
13039:533,11538,94651,101089,90599,37819,103538,54977,40810,2633
13087:110488,92705,85084,86829,89226,98284,33203,50903,116868,76768
13094:17,74087,61040,5148,122510,18569,302,102555,85645,650
13106:22023,113296,84700,76148,70149,58811,43676,56561,118477,48801
13109:17,76,564,81,873,650,616,138,82360,111493
13110:564,76,17,2512,76706,10048,2139,2414,81,508
13116:347,7981,19937,70284,18312,23523,9043,24467,21730,8226
13153:698,2653,76,41258,74579,39198,866,17,654,302
13179:17,650,41565,123169,51740,60191,61853,112286,95942,17666
13233:17,58,554,302,650,616,1001,289,654,138
13264:302,654,58,8,101,616,84,86773,30590,88355
13285:28138,82470,74956,26237,81501,70,58094,36402,39356,31266
13289:16995,885,38891,54551,13571,2265,23970,2081,698,2139
13312:654,58,354,84,1102,289,616,101,829,1476
13325:1592,51442,99035,109527,21553,35946,99452,38165,64083,8841
13335:17,654,58,302,861,866,254,518,361,591
13339:104494,37869,7021,17567,50306,54142,45956,10492,69606,16016
13353:3423,43609,122197,17,508,86,302,780,70,654
13367:21903,72988,36108,71353,64593,15558,10420,168,63386,2135
13436:46994,14600,25716,93236,74367,23824,19433,59405,113945,89820
13445:17,654,58,302,115977,101080,118079,93805,46945,650
13467:17,25697,123205,60015,89426,98183,108958,98914,82750,108500
13469:654,58,84,301,354,1102,239,616,76,495
13526:1326,1460,5738,168,2153,11467,463,1124,2068,984
13530:72207,262,14307,3423,105672,7467,38994,17,780,11899
13533:654,302,17,616,101,81487,84,394,29,554
13535:3196,157,14793,27070,10541,465,15772,5627,189,2055
13568:9497,4697,41001,106893,50142,104796,1526,73826,16715,35494
13596:17,81543,654,138,302,650,518,84,974,354
13607:138,70,17,302,654,354,521,84,866,226
13613:654,302,616,17,289,101,29,84,861,23301
13632:112863,7703,696,99864,75401,59428,37056,121287,27454,118243
13634:361,654,302,59059,29187,80599,138,1168,84,254
13657:66231,51957,36859,95657,47183,56720,106284,98102,1539,17
13666:17,11235,650,361,302,98442,28553,358,866,564
13696:70,17,81,76,138,2967,564,2379,616,358
13700:1102,48,302,654,354,1187,866,361,8,29
13710:168,15560,43434,60137,56078,92965,107918,12208,1986,1528
13761:17032,19064,96637,99523,25565,93035,84662,100206,57756,110623
13782:9594,12861,1547,7622,2543,9435,19152,85238,37438,122626
13841:17,302,58,654,616,564,138,238,358,866
13883:58,302,101,29,84,354,616,1102,239,76
13884:17,58,29,654,616,289,101,84,564,1102
13892:65623,119788,36681,87864,698,32914,2139,76,14131,10521
13900:302,654,354,8,616,58,29,1044,14152,518
13912:16646,4,14688,58654,13885,18452,12779,10048,9887,14890
13995:3282,27335,15078,10882,11847,100832,83921,84220,32965,60256
14024:827,1410,23823,28615,88114,123308,31503,33966,116862,109920
14058:17,9126,71761,302,650,3730,29577,119692,182,1725
14065:10543,385,33223,71896,76,13133,35319,24644,81,2139
14068:2696,1827,2714,2403,3207,1524,3506,970,245,26826
14069:654,650,616,554,138,84,1804,518,289,354
14084:17,3389,302,899,48,654,891,650,1187,84
14088:19731,13348,607,4671,36266,14259,31368,41261,110991,114599
14112:58,302,17,861,29,84,1102,542,354,289
14120:302,17,654,29,58,616,239,84,1476,542
14142:86175,55755,90916,13163,105390,103628,89538,30329,94148,102257
14210:302,17,58,616,542,84,1140,15,32,61
14247:302,1102,36785,654,100375,91597,103112,9642,77667,69783
14299:84,17,302,654,518,8,138,2570,1762,813
14321:78283,107083,105633,42527,81921,32909,49601,82614,52177,57731
14336:41330,17,1002,14080,41786,12733,2028,8673,226,32447
14371:17,899,48,1187,518,15,4420,616,508,2200
14397:302,58,15430,17,654,289,42284,59362,102740,102800
14436:17,302,654,108251,58,616,22928,786,28816,116786
14445:17,25631,121617,97809,82329,81609,22383,1611,3353,42791
14446:17,654,616,302,650,224,58110,58,97,83971
14470:17,1102,58,654,29,59199,354,616,518,1382
14473:17,361,302,760,168,84,68191,877,3721,10020
14509:52313,71608,89897,302,866,361,654,650,84,138
14522:17,81,76,29617,302,74853,108803,94873,112115,29273
14576:76,10048,698,5550,3054,4880,1164,56161,7153,40
14582:302,861,29,289,84,944,101,239,354,1102
14590:302,483,58,654,616,29,490,861,103608,22624
14619:1730,3568,5097,56692,77650,69619,890,4743,113987,18425
14652:302,654,616,58,84,486,29,354,564,650
14676:58,654,29,616,84,354,239,1102,6,483
14681:1176,20836,16701,7627,14966,87631,54338,84202,43375,119249
14695:245,1165,763,17,508,1262,1382,165,94,1744
14697:4158,17498,2439,5595,14505,6219,24118,16501,27209,20922
14712:8066,50908,2548,109137,105750,53749,22128,84238,15131,22546
14717:3423,780,3137,3739,22229,14825,3939,8511,22597,14557
14719:302,58,650,29,616,138,84,866,518,354
14771:3423,13544,8511,22597,140,9548,3137,3374,12727,7211
14776:616,17,654,58,302,564,542,354,84,861
14788:302,17,861,29,84,101,289,1102,162,76
14791:2103,168,463,984,5480,1400,2153,61641,20594,3601
14794:58,302,101,654,616,84,15676,1109,542,354
14822:113574,62454,37132,48139,117736,62616,34779,8572,54656,12315
14862:7334,17,14259,23556,28924,41687,13512,21314,70818,873
14863:302,654,84,12884,119311,79516,866,1102,899,32727
14874:302,17,58,29,616,84,354,1102,6,289
14906:81,22421,80690,3423,3718,2301,117325,16286,77296,3374
14924:5117,2715,245,6097,9800,1460,2717,2028,17,75867
14933:840,14793,27094,10541,20525,465,18897,15772,119399,46200
14967:86490,111364,117668,101526,56546,52686,20286,17,85600,85701
14992:81,16217,2241,7211,140,3423,13544,3819,32166,101208
15002:52792,77433,7148,68900,58754,45225,81383,31000,58232,27944
15024:17,3484,4755,518,6601,123087,37760,54507,1206,7859
15027:6491,785,17,18239,6127,500,32616,11671,361,17546
15044:616,17,302,654,58,591,554,483,62,4374
15068:168,719,1400,463,135,574,7711,5480,8733,7521
15073:654,302,58,17,616,81674,29,15,6,542
15079:654,302,23456,82984,106076,58,616,27760,24320,15
15104:17,693,117031,109892,102819,70271,119458,7871,59572,73090
15113:29383,5194,14672,3567,83842,73741,6389,80201,51806,119574
15166:1913,76,2139,17,564,866,361,2414,40,650
15177:361,302,84,654,650,138,58,301,616,8
15201:8931,21608,24894,96605,55749,82400,113663,30220,57872,1326
15211:840,14793,5627,27094,10541,50931,61363,15772,27173,157
15224:17,616,15,542,654,364,302,70,61,1511
15253:17,616,302,654,508,542,245,58,84,65
15278:32,17,302,616,654,15,58,84,542,289
15280:8167,75530,12332,698,25910,8574,226,59005,3126,22002
15289:8011,17,508,226,72027,89259,1644,76,5827,70
15302:51602,26782,1945,17,84036,46611,48888,1265,98624,50041
15308:157,27070,2548,327,3196,197,7160,13995,5111,14793
15333:17,31622,58,302,654,485,84,542,114,564
15340:17,58,84,354,616,1102,1476,495,6,285
15357:111025,75462,29540,119823,4603,61936,97437,36540,67805,40463
15366:17,616,162,84,289,1102,101,285,1239,354
15375:616,17,58,654,302,76,15,542,1196,61
15378:42530,109307,106670,49460,100559,43349,110353,104842,24533,361
15394:616,285,654,58,302,17,32,29,861,6
15420:17,302,654,564,226,354,616,58,84,138
15434:20008,6219,3481,9656,16151,16501,14505,31760,4158,33620
15442:1749,8511,5767,986,14557,2301,226,3718,780,3374
15469:3378,22713,186,7649,75721,83810,45641,8161,45191,64973
15476:2139,76,40,564,17,711,17355,39539,75586,79677
15477:616,17,302,654,58,542,650,861,564,29
15503:899,17,6450,4420,891,6945,496,14370,518,15242
15551:1102,302,518,354,76,1913,616,650,654,866
15567:302,17,58,29,616,84,354,1102,6,289
15587:11270,6223,16866,22238,61228,16610,16861,6194,54390,20313
15599:217,81,17,226,101064,21046,72440,97942,302,76
15608:873,17,1539,1825,481,3704,7048,947,710,571
15609:58,302,654,861,17,29,542,162,591,6
15621:168,984,5480,2833,719,6244,8860,463,2103,2153
15625:17,7006,616,3915,1589,302,76,518,8,354
15648:4671,8759,12861,11855,4625,8427,10883,11737,33708,2392
15654:840,81,30681,3423,1888,1205,1749,47203,226,3370
15690:108805,117213,93429,931,15509,49512,50478,3704,9212,117815
15715:97097,82898,95360,65974,25827,55469,62285,69198,111167,15067
15737:12594,24697,70,9460,116704,118758,168,27731,12022,76
15752:1102,654,302,354,616,8,29,32,58,542
15773:2669,17,654,616,6840,564,302,8194,37121,226
15782:84,8,518,58234,75576,68858,103104,103657,120716,7633
15794:52797,21562,33609,97607,17,24663,92278,121032,59689,74099
15809:4798,245,10316,8673,91348,81670,57567,1267,49667,66476
15860:11834,719,5480,5738,984,463,1326,61466,116980,72000
15882:17,226,302,780,363,58,394,654,986,70
15935:17,616,542,270,564,15,654,58,364,19979
15940:17,650,616,38519,302,58,285,120,654,95761
15950:168,719,661,5557,76,37436,68550,89547,18320,135
15977:17,654,302,650,518,138,616,182,58,354
15999:17,518,245,654,1057,616,15,2030,94,508
16088:616,58,654,302,17,542,29,861,322,285
16097:8783,5357,8927,10322,4146,57791,25351,9557,12848,2354
16099:5538,101795,98570,45492,94899,72512,11586,69958,22715,74060
16112:17,654,58,29,591,650,861,518,6,62
16113:654,616,302,17,289,29,101,861,542,162
16132:97412,17,11549,302,564,58,698,93,84,650
16151:17,302,84,58,518,650,861,591,1102,29
16167:140,3423,70,1888,780,986,7211,3137,2379,5767
16217:719,984,5480,1400,2153,877,5557,463,6714,2318
16231:719,5480,9874,2318,661,463,984,5738,8860,12722
16234:8860,1400,168,984,5480,7711,1740,11255,3211,2103
16287:616,32,17,84059,65,30143,302,76,15172,363
16292:67305,18033,84239,44422,119941,17,138,81,19517,14599
16301:17,402,616,32,787,542,76318,92921,90897,1579
16302:17,12776,1606,4364,518,65,3766,327,899,119
16305:302,654,17,58,510,616,84,1102,1476,76
16309:58,302,17,76,289,29,101,84,861,354
16329:8,17,84,999,616,302,1102,654,101,58
16335:17,654,302,554,861,650,591,289,101,138
16338:51168,72528,2140,100950,47447,64627,518,327,17,84
16447:361,654,302,84,101008,110668,29,1102,34654,58
16474:302,17,4349,58,616,29,84,354,41207,110711
16493:15510,99460,25980,10892,87639,31658,30654,933,15761,99823
16515:3423,140,22597,1888,3374,2241,3718,2379,6202,5767
16524:22105,63595,94992,91181,114506,4198,61822,55035,52422,3246
16525:78893,76,564,117092,43991,23523,7981,698,17,20836
16552:2357,48945,72010,118197,52111,105479,44634,109446,19285,29867
16553:1187,17,302,6450,29,84,1119,654,496,354
16568:98879,80467,97795,98884,109238,100344,109574,63981,52954,123197
16628:654,17,616,302,15,542,22348,58,61,486
16643:245,85433,32282,1410,17,49111,26801,9154,103,616
16666:118783,63242,65613,39257,43753,95078,55209,74385,36825,84927
16679:14576,15298,112864,119108,92717,7157,79442,65130,73470,94070
16710:23299,25013,29977,12300,58,17,302,616,654,104903
16776:302,654,354,84,1102,58,866,138,29,650
16796:31468,7401,37147,37152,35165,90600,79013,72768,24439,104461
16815:8392,15917,19378,11735,8427,8867,7622,9435,2543,9189
16839:17,29,58,138,650,616,84,354,866,749
16878:302,654,58,866,650,861,591,361,518,84
16890:17,110572,110615,102516,616,302,542,89935,38572,654
16896:106884,117242,3933,94610,81210,3423,93065,27942,49562,17
16929:4586,29419,9867,26966,10316,4798,4427,15337,14082,4425
16983:654,302,17,861,289,101,84,76,29,1102
17007:654,29,354,58,616,8,239,1476,495,138
17008:65,327,1287,15,302,17,616,245,654,32
17034:866,2139,17,1763,1995,546,112254,1728,2638,8818
17053:1684,17,95924,88492,429,616,302,7770,654,58
17056:58,66271,654,29,20855,17,11358,7450,861,289
17079:17,16603,104608,76259,54048,44448,87706,110501,54202,101309
17097:17,64388,31824,120786,92313,92134,53362,97625,97633,97944
17099:17,34514,119069,302,650,58,861,10549,654,13652
17116:3282,6320,3060,16009,47278,54427,71248,10882,11847,20245
17117:96317,931,15868,17,947,710,678,26571,28248,11670
17147:15560,1986,28006,99793,44628,40848,49842,13568,2534,78389
17158:25867,54685,7862,509,14814,4040,1337,12294,74752,19040
17164:226,17,81,8574,698,76,59036,118704,41249,986
17241:17,58574,116811,119318,21694,87853,48346,99549,65046,138
17243:226,17,138,1462,302,654,354,84,76,1535
17266:17,302,58,29,86104,616,650,57405,26330,84
17267:1535,17440,61303,50147,110326,10461,113550,26143,105708,106192
17272:302,654,49380,91649,44194,60418,55236,616,650,554
17278:840,197,5627,15772,4179,24752,18269,14900,18791,1807
17363:58,302,616,17,654,289,542,84,29,861
17473:54866,23832,15094,34970,31863,96290,20140,22786,94491,93181
17474:3550,19829,31315,16995,33572,56414,74038,23970,12216,19330
17492:654,58,84,1102,354,616,394,1476,239,495
17513:22421,81,17,33943,108881,105579,550,29299,3423,16404
17522:508,34405,15155,1644,17,1790,176,53190,1382,15854
17528:616,302,17,654,58,861,1239,29,61,32
17530:12332,17,36210,58,25429,616,43424,654,302,650
17551:4364,7333,25733,46312,8587,4250,16303,4860,2255,6105
17562:17,654,82036,518,616,302,650,24551,58,39829
17592:168,35229,5480,69183,5738,1460,297,801,76,1400
17606:17,58,654,302,861,84,354,15,76,542
17624:84,302,69793,518,654,650,616,354,361,866
17625:533,8427,10981,4671,5372,1011,8759,7926,13341,12747
17626:3095,20776,138,42678,93628,37693,54332,65904,113588,73127
17653:1592,51442,99035,109527,35946,99452,38165,64083,8841,120315
17671:19666,14728,7558,1039,518,3420,84,67357,12442,16505
17695:18785,121011,15377,73435,302,14715,20851,84,289,654
17716:25956,102013,34975,51677,112914,18716,1718,14283,19908,6186
17749:358,1649,302,1763,1728,654,354,7194,8818,20467
17779:302,654,84,866,899,361,138,650,58,354
17798:86493,113169,31438,46806,28933,102412,114065,27166,48875,88120
17810:7334,55909,14259,17,92337,68064,62050,40397,1547,8759
17812:302,654,84,616,58,354,542,48,944,29
17813:12763,101204,60565,91810,120803,77733,95239,1099,56091,56527
17869:168,5480,719,16305,984,3882,8860,6244,661,2155
17921:785,6127,11671,925,17,17546,32616,21799,686,47043
17993:17,17123,27705,14035,302,650,654,32205,616,58
18030:1102,17,302,654,29,138,8,58,616,278
18042:1023,17,3512,82091,99392,62794,16674,67421,44775,53188
18046:100947,67704,115490,86886,111750,107913,76292,74553,76900,32075
18070:1002,441,1827,2696,2714,2403,1065,1524,16036,710
18101:17,43615,55913,113569,245,1744,25165,59197,55476,5189
18127:82087,8763,113913,114585,57192,780,38432,86188,262,76
18133:654,58,2919,3369,49103,26605,29,302,9211,285
18163:17,654,302,58,239,616,29,837,84,1102
18165:1684,616,52985,114691,5104,89345,14700,302,654,58
18166:353,302,17,654,58,616,1951,106546,13429,29
18182:88874,120801,72749,105849,70038,104976,17186,302,69521,27528
18187:32972,40098,3577,69265,60354,69914,29519,7057,68654,105961
18200:81,1749,140,32166,3423,3956,226,1888,8826,4588
18212:564,76,17,1405,84,616,69032,53328,119683,122656
18273:31383,111762,56418,12586,780,17,641,24591,226,3423
18311:81,140,112789,61635,68666,106465,8453,93353,226,22878
18337:616,302,654,17,289,101,564,29,6,285
18417:302,654,58,861,84,542,1102,354,239,1476
18545:1410,116910,33580,616,17,30948,302,74336,101483,21613
18561:24032,50463,85656,49652,46178,39860,68947,41064,39774,98736
18639:17,302,654,70,84,1462,58,616,354,361
18657:34325,17,105801,122839,518,56740,8,20103,73512,8262
18663:17,236,224,182,62,302,650,21410,58,616
18666:17,33278,361,650,564,114374,302,698,866,358
18709:17,47658,76,138,2139,654,564,616,15238,22498
18766:654,29,84,58,354,616,1102,239,76,495
18827:1787,31223,104851,88540,12376,115122,115925,69471,61242,58460
18852:26312,62845,26567,42944,100482,116890,33155,57773,75951,122004
18885:61245,17,1435,8011,1462,70,30422,508,302,61076
19001:302,1940,64762,62789,60424,36094,46555,44548,77698,47130
19010:17,654,58,84,616,1102,354,495,3,726
19022:3374,7211,780,140,2241,22597,8511,16404,5767,3939
19032:75486,2719,53316,54440,14479,122207,59438,17,77721,117921
19049:774,1524,970,3506,25783,9490,9217,33639,5108,10046
19095:18105,17,302,616,58,1023,6,98167,15,119949
19097:1913,2265,4995,5363,39682,14237,11887,16697,57999,1149
19144:17,103218,22304,122761,66735,64621,78946,94018,42667,79876
19163:10041,1527,3107,8848,2880,6434,3172,4825,12990,1712
19176:41105,46316,24835,75452,21119,114838,54831,47551,33535,4128
19178:31315,885,33572,74038,19330,2081,79096,89008,7056,38891
19240:41563,1666,16979,1119,58,1187,17,654,616,2935
19241:302,104699,654,84,395,58,616,79513,354,29
19243:7856,31845,121435,17353,107796,34212,43346,102935,13289,21900
19259:44253,57646,746,78321,23200,15816,81243,76009,121206,80259
19276:302,17,58,654,616,596,29,65732,95024,93013
19277:3196,157,197,14793,10541,5627,20525,27094,24752,465
19307:5097,2139,113437,53895,42640,70959,5670,18614,55944,8897
19308:84,302,654,354,138,650,29,58,301,518
19309:1187,17,2162,875,891,84,496,7506,518,6450
19320:17,27070,1352,462,82955,52123,108388,108784,100819,93083
19355:2139,3159,119464,654,17861,1970,616,901,33162,119701
19400:302,654,58,591,861,650,84,62,138,518
19422:4590,2156,8806,42135,117596,45048,118927,23478,48685,12018
19446:17,58105,1382,616,302,58,564,76,654,84
19447:17,654,302,616,542,564,58,861,76,84
19452:17,302,654,138,84,518,58,616,650,8
19462:245,17,2030,84,302,616,654,61,1262,58
19467:302,654,84,866,899,361,138,650,58,354
19476:11538,59321,81306,61900,78721,91201,73576,68887,77371,13443
19517:58,302,654,101,616,84,354,29,33081,107224
19528:81,14251,40537,3739,15529,30662,17025,70578,97044,95311
19544:114435,91961,26822,79949,92990,93498,53053,44982,116728,19896
19549:302,58,616,17,654,364,542,1196,32,15
19554:1102,654,17,302,58,518,101,76,542,354
19682:17,616,58,650,654,302,554,542,518,162
19692:1606,17,25733,756,46312,33232,89564,28212,4860,302
19757:57407,76,15420,50531,107100,107534,51482,92453,27438,77204
19774:12332,349,70,17,36210,616,4575,14841,43424,13086
19781:17,302,654,84,58,616,29,1102,278,289
19881:98550,55792,23170,92840,9441,121706,66019,76089,108885,426
19950:90844,16029,34806,72313,77962,114843,123343,77171,100566,7367
19985:17,302,58,616,29,138,3429,190,76,238
19996:302,654,84,866,899,361,138,650,58,354
20073:2139,361,13724,1164,17,2194,116473,100859,62356,96289
20094:24835,92323,14153,48327,22937,35847,52156,2071,48265,65678
20095:48793,108069,55600,59971,52988,21863,54747,10862,82636,67631
20120:28915,23116,16482,98913,17039,117416,109571,38360,47609,24627
20161:17,302,866,564,650,361,654,122983,138,616
20166:302,654,616,17,58,29,42257,111751,13964,46974
20183:76230,30878,1592,17516,86115,46006,2547,56125,37242,2123
20206:2153,168,877,719,1326,984,9417,76,7838,760
20234:1102,17,29,58,616,1023,1476,495,6,521
20305:8322,43597,48088,85186,24933,6926,96681,12902,60495,6856
20334:3937,17,616,736,302,58,654,7491,15720,12332
20378:302,616,654,361,518,84,8,899,866,873
20379:12332,8167,25910,17527,367,23528,10048,14841,45797,349
20380:2162,17,6450,1102,4420,518,891,302,2570,496
20395:99152,17236,27663,37414,111349,15835,17,6726,38234,429
20441:17,48,302,224,654,650,76196,61003,616,1187
20456:17,302,650,787,654,106601,93145,76851,103872,114984
20465:17,616,27817,302,654,6052,58,518,51824,97862
20466:9594,75442,4671,16665,100743,107550,101752,85584,71734,96680
20473:84890,75805,76502,10495,86549,65011,88481,67919,83128,68722
20498:8,1044,84,17,616,654,354,302,101,58
20512:21344,21406,44131,41115,55188,64189,34846,30616,13817,41180
20550:11080,81977,39025,67707,115112,95026,101548,48660,38691,6583
20553:302,17,29,58,361,616,354,84,1102,596
20555:52005,72595,52742,52768,76935,74840,56426,109986,109798,41262
20607:58,17,29,616,84,101,1102,354,6,1476
20628:1102,17,302,654,245,354,29,616,8,58
20684:3423,3374,22597,3498,13544,37567,986,3718,140,31059
20697:463,719,5480,9874,661,984,760,7180,8860,1400
20721:302,654,84,866,899,361,138,650,58,354
20735:86049,117034,57693,39603,121555,20297,25010,89626,1405,14617
20736:2696,1827,2714,2403,3207,1524,16745,3506,35426,970
20766:17,654,616,302,103,787,1109,542,15535,58
20809:16995,885,19330,74118,27309,20186,21679,121398,9043,44898
20906:6503,8660,9216,26849,74954,15921,53856,34922,107537,5502
20918:17,302,654,616,58,650,29,1140,518,138
20926:616,17,48,654,302,1187,58,84,542,15
20985:20836,28227,23523,16701,1176,14966,361,17,96993,58056
21028:10466,974,13901,22,370,302,84,654,13269,810
21030:76,16969,6109,564,17,43084,29447,683,2139,40
21032:21416,72921,61521,28027,90337,90367,90617,33336,107366,115914
21080:245,17,302,616,109293,109731,61132,86217,48819,15
21120:302,17,6400,58,17273,51320,35418,93465,109469,46573
21140:302,361,654,84,354,58,29,76,1102,616
21151:17,650,302,12253,14750,4203,58,654,76,1912
21164:89195,17,14531,100348,302,654,63939,98683,83803,1224
21220:10041,1352,2880,189,7880,5624,10687,7859,6601,8848
21246:302,654,58,650,866,84,138,749,361,354
21266:302,29,654,84,138,58,650,495,866,616
21317:17,7006,1589,3915,3864,508,76,5450,11535,84
21505:217,81,7516,17,15736,71156,4139,37701,90262,95632
21518:302,82353,100864,654,14896,596,58,1102,84,616
21543:840,5111,3196,197,10541,7160,24752,2548,63563,5627
21585:6387,22507,31633,12832,62347,5214,38349,22614,35247,30661
21617:17,29,861,101,84,239,1102,6,1140,1476
21633:6400,17,8359,29063,10810,72987,302,3433,1359,74916
21713:302,654,84,650,866,29,899,361,58,138
21722:302,650,866,654,361,84,182,899,58,616
21737:840,67735,21695,17,30525,13724,12761,76058,53722,71013
21834:17,84,616,61897,95399,8,302,29,787,1382
21838:5480,168,8860,984,574,7711,463,3882,10267,801
21853:3372,23245,19871,31734,15020,87209,26205,27296,8689,1907
21868:17,302,1462,654,84,70,354,650,58,5581
21869:90800,8322,73123,34014,90626,98047,38872,7623,92211,107865
21947:654,302,616,37941,104490,29,650,554,289,866
21993:20482,24553,840,81,5111,17,6566,10230,10541,3196
22003:48,1187,17,37207,122500,302,84,2162,654,354
22016:302,654,84,866,899,361,138,58,650,354
22017:15238,1730,10254,10039,22498,88358,5027,107810,33321,3568
22029:17,40635,780,3423,588,73523,24688,650,33217,262
22036:11234,23682,18293,54477,9313,4508,1878,302,12435,5956
22085:899,1187,6450,17,1119,4420,6945,14370,7506,15242
22116:302,17,81,780,29,361,654,58,107902,120495
22124:2379,81,70,226,14999,780,17,68278,2967,1888
22158:17,361,5611,48582,77017,46181,63091,121414,899,78896
22165:17,84,518,302,98531,62527,654,650,1102,1462
22184:17,654,29,58,239,616,650,84,138,2868
22198:17,616,302,654,650,82918,26533,93505,78222,39368
22213:807,2121,12710,1099,8191,50431,31609,18704,56527,15340
22226:18691,32829,8321,64960,5522,19302,1435,3982,2766,92916
22236:17,302,650,654,29,116,58,182,1693,616
22262:6503,1495,53856,15921,9216,24608,4949,93286,64885,8585
22263:654,58,29,616,84,354,1102,76,32,542
22346:302,654,84,866,899,361,138,58,650,354
22366:361,17,254,302,2638,654,138,354,650,358
22372:4051,108427,17,698,2139,27951,51669,564,64892,9779
22382:17,31267,6741,19399,36022,67446,32433,121130,78932,89843
22399:24640,70095,95160,105874,34315,41708,73102,116150,18627,42802
22418:4131,44020,110652,101422,112057,74521,80394,30426,62524,4776
22436:17,2124,58,49059,42375,861,591,650,302,654
22465:217,226,3516,3137,17,3423,2241,229,70,5767
22469:168,2153,719,1013,82222,7180,1400,984,8860,43509
22477:17,654,4541,302,58,616,650,29,20409,1349
22483:17,654,302,616,29,84,58,239,76,70
22492:650,17,1913,2265,302,654,616,58,21332,238
22546:518,84,17,1102,302,616,654,58,101,5998
22568:58,302,861,17,654,94635,104099,89817,591,1949
22574:80043,65923,22978,82725,64380,1375,122467,83859,63483,99574
22579:81,3423,6202,22689,48076,140,2616,14557,613,16680
22581:302,654,17,564,58,69032,53328,119683,122656,121749
22586:17,616,650,302,654,76,518,358,58,542
22592:17,58,554,518,616,654,8,1804,302,542
22603:1187,17,899,48,891,2162,875,1389,1057,496
22639:17,654,29,650,591,554,861,1804,138,289
22682:32948,17,15061,46633,1855,49589,50630,105869,105550,19918
22685:17,654,302,616,58,15,29,245,84,146
22691:654,17,29,861,289,101,84,1102,6,1476
22699:69939,113458,302,4239,650,654,34600,68174,109202,85598
22703:698,76,17,82424,91193,98252,2069,564,347,2630
22706:89392,61024,34349,40504,32884,440,29226,68146,66207,82599
22711:51715,98851,119463,80331,4931,40366,5698,71541,5109,65145
22748:17,58,654,591,29,650,33767,60600,71423,97113
22755:17,1825,873,3704,7620,28261,7642,131,27501,110300
22759:17,564,650,302,357,3448,138,358,518,1220
22806:50269,43458,44298,44492,17,15,66067,61680,18105,616
22807:168,719,86514,12039,62680,801,28790,88968,104247,9783
22808:24598,84082,25438,84972,34123,85493,104336,87922,20488,24610
22823:2888,168,1230,574,85075,112324,9457,20055,17263,11255
22835:17,302,654,58,616,361,29,239,726,84
22844:302,17,616,29,289,101,84,1102,726,861
22850:44806,17,59789,32440,92920,74457,74948,58867,53008,14324
22863:56415,80636,3290,76,2852,7440,16745,35426,18289,19406
22867:4671,1748,1011,1189,12861,17486,1076,9189,31157,115083
22872:302,654,866,84,899,361,138,58,650,354
22887:8,17,616,999,508,84,564,302,554,542
22979:2292,18239,32616,11671,686,60905,48914,100762,70116,89847
22983:17,654,29,58,616,113763,944,354,564,84
23000:10175,535,817,17,1902,2717,1002,2028,219,12119
23057:2917,827,67689,117378,60071,64844,63733,1205,25526,318
23111:564,17,302,616,654,58,650,84,354,29
23112:20089,3423,17,780,5767,28099,262,140,731,226
23114:81,8456,3423,15243,2379,140,42780,17713,4131,7881
23183:168,801,2153,5480,1400,7180,2402,7711,8860,2833
23221:17,1245,650,302,654,62,84,616,58,29
23229:16995,885,2081,49397,52458,28867,94664,105265,698,2139
23234:27070,5111,157,3196,10541,7160,197,65830,10230,15772
23244:17,302,138,654,650,217,58,616,29,518
23335:533,16968,14606,43415,43837,29250,73802,45502,66214,57437
23367:49911,83508,93316,14855,27821,101560,116155,17,616,62703
23382:48,875,6450,1119,4420,84,302,138,6945,361
23433:654,48,1102,29,354,138,58,650,736,518
23452:302,17,616,354,29,289,101,84,1102,6
23458:108362,51630,112820,44927,20202,76,508,17,3789,429
23569:17,254,66916,93828,546,10039,302,654,12567,358
23595:899,17,2162,1119,875,73153,84,496,15242,6450
23606:1527,4755,10041,6601,23191,7880,14401,1352,2880,11725
23637:654,29,17,616,58,84,1102,6,1476,495
23653:4513,5083,3618,16465,1340,16036,13,98295,9055,122574
23678:302,58,17,654,616,596,29,15,84,542
23686:58,17,302,616,84,654,518,554,1102,542
23692:11543,8692,83825,19881,59964,20163,3850,2401,53894,52953
23714:302,654,58,17,510,616,1476,1140,483,84
23751:76,4513,24564,16465,5083,8928,1069,44318,564,6315
23872:39490,115865,79151,116629,8605,45750,75455,107927,54778,97475
23919:17,66957,59419,93204,87321,111956,103787,95834,56519,59809
23923:10,3101,17,29110,302,1140,32135,58,654,90238
23934:17,14328,58,302,616,370,101,35447,84,8
23959:58,17,302,616,84,29,542,554,354,15
23960:17,650,564,302,361,698,654,866,358,58
23963:654,29,396,44336,58,84,354,1102,616,239
23997:168,984,801,8860,56750,5480,1528,4394,1400,1326
24018:84,654,29,138,2162,1102,70,1119,736,650
24060:2140,327,119,65,84,939,14636,245,8,518
24083:17,43128,18571,83905,1205,302,654,616,84,58
24100:17,302,654,3101,616,4173,155,650,58,1212
24129:7491,17191,15720,564,17,302,58,616,654,52749
24146:616,703,3993,604,302,861,51173,65785,110849,5661
24158:33152,49890,99188,51505,77570,59005,23528,21207,57974,76
24175:18261,40405,11453,69915,91007,81121,64802,61116,111229,81076
24179:66813,44868,49413,67899,78379,66394,95884,39286,113479,17577
24184:873,17,41782,61796,21614,30112,1539,1825,75868,7048
24185:17,13832,302,654,182,650,616,518,12228,62
24210:15289,1790,3309,5103,140,4011,11145,3716,48087,70
24219:302,654,58,84,616,483,29,1102,2094,612
24269:302,36969,84,39517,58,29,654,354,239,866
24349:289,58,616,17,302,654,84,554,8,542
24397:302,17,654,58,650,115972,27628,19915,30035,80007
24409:17,92054,34916,12921,61193,88877,122460,73486,8459,72434
24413:302,866,654,1102,361,84,138,650,58,899
24418:62680,104247,28790,71593,88968,43024,63481,16258,76480,56533
24468:5398,11612,26985,13109,12165,114175,59151,4586,7320,4425
24536:564,17,302,616,654,58,650,84,354,29
24618:168,984,7235,463,661,4877,2318,1400,8860,5480
24643:17,654,354,302,3855,58,84,616,94,736
24649:28457,45659,21,47647,102650,7999,67001,11753,616,302
24668:61,654,15749,447,146,6,15,472,322,17
24669:106146,23311,109744,120991,59909,60976,115625,114754,106782,101065
24702:827,1205,14099,1410,93234,10267,7158,3618,688,1326
24748:89560,17,22162,33957,58996,98179,3392,15259,1382,508
24786:1644,8011,11235,47906,1936,508,83277,122269,35482,53190
24804:94316,10437,119160,104855,72132,68106,19017,72448,86857,86908
24849:2162,875,1119,302,84,138,654,354,6450,650
24909:17,105624,84930,101574,86035,63540,112852,39637,98022,3253
24920:302,616,654,17,58,29,763,9572,861,245
24981:29,84,58,1102,616,866,301,15,239,1476
25000:302,654,616,84,354,58,29,61,15,1102
25004:107299,88275,72467,78657,68683,56533,79323,43024,129,2051
25076:2669,17,6840,650,8194,616,37121,358,302,79295
25085:302,654,17,616,84,1102,101,289,354,1476
25115:302,654,1102,84,58,616,29,354,285,224
25118:9514,17,289,11571,11447,853,12575,58,10162,40390
25147:17,254,546,302,76,138,654,354,84,29
25171:17,112391,75322,114931,32025,13302,45720,302,518,68024
25228:654,302,616,289,29,101,84,354,162,285
25251:56965,11019,48894,39616,11470,21204,8723,664,5023,4394
25255:5658,17,91427,92215,43550,109576,79687,8200,75303,82415
25260:6763,76,83354,12677,39287,4880,6307,51893,91502,74644
25291:17,302,654,110388,115791,616,29,58,84,76
25296:361,302,654,84,518,58,1102,29,354,616
25384:654,17,302,58,616,29,542,15,596,6
25410:17,41177,116713,14315,16225,2085,10661,116015,52699,73258
25469:8185,17,19475,27070,100839,302,157,182,654,16852
25471:12273,31388,28033,2307,40850,16359,13039,78538,2410,4021
25529:17,2583,931,9163,7048,431,84,1099,302,70
25583:361,17,254,302,2638,654,138,354,650,358
25612:19999,79010,21342,66155,34420,4066,61041,10267,1253,76153
25614:62057,92005,67232,36542,64460,73131,118273,98472,94999,94170
25666:17,6766,654,302,29,76,236,138,10075,238
25679:17023,74759,110574,104779,16135,76,698,115156,113178,48625
25693:16767,78741,111752,87309,70,17,48911,226,2068,1382
25694:33827,3484,29419,9867,26966,4586,46732,75651,78585,72804
25702:84,518,17,5998,616,302,1102,58,101,654
25719:1389,302,84,8579,654,8151,1119,58,354,327
25749:98092,102265,96173,109446,5526,19221,29867,50976,33250,18708
25751:347,4498,49781,14648,12931,57448,26854,111280,1351,88371
25842:97610,18581,36226,25196,76791,16739,17783,29828,27230,809
25933:100634,84916,12335,245,32,17,9354,327,302,6247
25940:5869,17,302,15250,518,58,616,9250,23323,238
25977:3107,1352,10041,3172,4825,189,23191,7831,6434,1712
26021:1187,17,899,48,891,2162,875,1389,1057,496
26084:18105,17,616,58,302,1064,364,654,15,1023
26100:17486,12861,19152,4671,8867,203,2543,42989,11855,14839
26102:17,302,58,616,654,238,138,1245,1220,62
26125:5480,10267,168,984,1400,463,9874,7838,7711,1326
26174:17,650,616,302,58,654,2626,554,1804,518
26181:616,17,564,302,654,58,84,8,101,542
26197:17,39980,92335,51548,68808,77168,37420,29356,39216,105955
26238:815,17508,22,11052,109158,17,1957,108656,119227,83024
26248:236,10075,3448,19157,776,2708,11621,8442,61580,17
26307:18,17,654,302,17123,27705,58,32205,63512,20581
26312:654,58,302,616,17,1140,29,542,84,861
26325:189,95594,4755,22108,84669,26641,104598,79575,2680,75493
26432:17,302,650,58,654,616,554,15,62,518
26441:302,654,84,866,899,138,650,361,58,354
26514:616,302,58,32,542,654,17,364,15,1196
26545:31342,74730,21483,21150,23595,22059,35579,33862,28632,16501
26564:81,780,2241,13544,550,9790,731,14174,140,5767
26566:302,654,866,84,899,361,138,58,650,354
26569:654,616,58,302,17,162,29,861,15,6
26638:17,302,138,226,654,76,1462,616,29,58
26639:1730,5097,10039,4743,2139,4880,17239,94345,114252,106298
26641:654,58,302,616,17,44233,542,71726,114836,15
26689:616,58,654,302,1424,17,95092,62758,52725,542
26691:302,654,84,58,224,616,1102,29,354,301
26732:78211,104991,115597,42850,38718,302,62796,63839,70308,120654
26736:302,58,29,301,84,354,138,866,616,650
26750:4,8574,3054,41249,12332,4575,33595,45095,23622,8102
26772:17,70,1382,518,66008,79906,46365,58214,78353,4646
26783:873,17,1539,1825,3704,7048,947,710,571,481
26816:41088,78375,21008,30842,96756,21527,42933,28624,33302,64899
26842:32632,89935,23792,69361,20301,76,76780,17,65579,84151
26844:168,7062,76,20532,109028,104094,10648,2139,719,984
26919:302,69453,26048,67374,109438,117879,119244,103261,113753,866
26960:1913,866,361,302,899,650,138,654,84,40263
26968:302,654,84,866,58,650,138,899,361,616
26969:44904,105407,56800,34105,65061,12251,120070,120073,29262,29375
26971:7838,168,3601,984,4103,30695,2962,42588,2012,801
26972:115450,34932,10632,51727,84650,44009,62013,62369,78990,71169
27055:289,138,5581,521,786,101,302,654,115325,20677
27089:84,17,1102,999,1762,302,616,654,803,138
27090:1352,10041,189,7831,6434,20806,10687,8848,11725,12016
27124:302,616,34016,654,17,40196,58,71404,70,1405
27172:986,1749,2204,91975,81,98886,27338,1888,61470,16620
27173:302,58,654,84,616,29,1102,354,239,642
27180:28333,118231,96975,122161,114795,94006,302,2414,901,47801
27191:17,1097,5869,302,15250,616,58,654,518,8166
27225:76,34814,616,27638,16611,17,654,302,58,736
27295:302,17,654,58,162,616,29,239,395,726
27337:59197,25165,55476,21008,41982,14038,41088,37482,55211,79591
27384:40228,18260,9669,80035,21517,42783,35509,59762,76324,76407
27406:302,17,58,29,616,84,354,1102,6,289
27420:718,1535,14952,22880,61303,50147,56726,12071,9332,82199
27435:302,654,58,84,616,1102,29,239,354,6
27447:9054,14268,4656,2510,6224,8640,4341,50016,44227,3033
27448:81,63237,2616,4776,49202,86819,29816,110652,101422,112057
27465:114275,780,17,6491,500,3423,785,76,262,18239
27508:8579,8151,1119,102231,88192,75761,117429,28833,64006,90815
27514:603,533,181,2633,8360,8443,15506,58674,5975,1336
27540:10548,12690,103720,43688,117863,71844,97349,80398,49783,46921
27546:4944,46369,53083,36480,3691,86421,76210,40244,1420,56296
27549:17,50334,35019,20289,101615,53743,82742,113866,8112,62185
27579:508,226,8011,70,1023,1382,76,1002,378,834
27585:361,17,254,302,2638,654,138,354,650,358
27594:17,1764,3742,13109,45881,62064,98314,107923,113783,57652
27739:654,84,29,616,289,101,354,239,1476,76
27764:17,654,76,302,616,76064,71234,88735,58,564
27798:2162,1187,899,48,6450,17,4420,891,2935,131
27799:50100,108157,35640,31469,3789,102108,83258,54323,104381,1326
27902:361,17,254,302,92606,59942,34425,55282,654,70
27912:3536,59530,55664,122452,73648,49116,15553,91129,16874,3715
27923:539,14820,56693,27958,6074,9652,36750,29335,39515,31746
27931:17,8,654,84,302,1102,518,39482,616,354
27933:34344,51589,29060,71934,106629,76,698,654,4950,17
28019:1102,17,58,302,654,616,354,902,554,29
28040:37683,112607,121117,68171,72310,99058,105298,115562,83070,29864
28075:302,58,29,650,84,518,591,861,138,354
28104:168,719,463,10406,5480,1400,3211,8860,1740,14226
28108:17,441,564,302,4513,1145,650,14399,616,654
28110:17,19999,238,224,21342,79010,616,650,3088,58
28152:17498,6219,20008,3481,23595,32273,33620,91678,34479,14505
28194:302,654,58,650,616,138,84,8,110906,1832
28224:302,17,361,654,58,650,138,254,749,354
28242:17,44167,36009,17224,5398,43784,69514,96686,121328,106342
28246:17,10291,302,616,654,30139,650,518,40898,542
28247:115340,10944,39805,117683,39915,29743,91686,13197,49852,76238
28279:654,29,17,58,13142,616,84,1102,495,1476
28300:17,302,654,84,616,354,58,76,2278,564
28306:41634,91878,65579,46579,31273,31453,53713,64463,19551,120169
28364:27070,6754,3370,3196,17,33763,2548,7160,616,14793
28386:616,17,302,58,654,650,62,518,238,591
28403:690,17,55794,10418,616,58,1239,542,15,66
28404:17,302,654,5605,5702,650,32908,38372,18310,15540
28492:81,84176,41435,84867,45000,78083,69103,46046,88568,69765
28493:81,226,15243,106081,59098,20812,55285,2379,32030,41568
28525:29620,302,654,542,84,1703,866,224,58,239
28527:18691,32829,15560,3982,1986,123105,103515,99880,22497,11235
28579:81,41129,13785,780,5663,17,46100,76,3137,82108
28585:88104,2445,26725,37015,67107,7877,22258,36778,33809,15437
28606:17480,17,429,302,654,616,58,7770,117515,84
28620:17,58,101,1804,616,111022,289,8206,302,54674
28663:302,616,58,654,17,542,155,84,861,1102
28681:302,654,866,84,899,361,138,58,650,354
28762:42585,12420,19701,42821,52141,67372,69190,16452,26249,21682
28773:17,564,226,302,650,72207,654,301,736,50100
28861:86131,97697,109052,78700,105573,118195,90092,92147,94440,48754
28862:19685,25499,25978,44660,94192,22898,3634,31369,24919,78608
28908:81,630,14424,6431,6227,39595,2241,51865,95194,7211
28973:17,650,616,302,58,554,654,62,518,76
29015:17,302,654,616,58,162,146,15,1140,29
29032:302,187,650,616,654,58,62,238,9497,29
29056:2028,245,17,302,61,57903,97504,508,1744,61096
29062:302,654,354,8,138,518,29,866,58,616
29074:616,302,17,58,654,542,356,564,364,15
29133:25145,49538,89400,40711,73723,88850,37990,16498,103075,15076
29135:104310,885,17,1187,899,16995,48,3550,31315,12216
29141:20096,51633,106285,29546,42463,63571,110127,50937,35882,63314
29239:7620,931,947,12266,131,287,16776,18756,1126,4604
29338:302,654,84,866,12559,899,361,58,650,138
29491:18885,43851,12474,17,42838,518,616,35774,816,50185
29497:17,654,302,616,112789,289,101,29,554,104467
29524:418,616,866,17,654,302,58,542,361,564
29549:2153,168,1013,7180,9417,1400,877,984,8860,1124
29557:96877,32488,17,2139,76,698,302,40181,18879,65855
29558:42989,8392,1011,4671,17486,2543,7622,12861,23370,18919
29561:17,1023,518,70,138,650,564,94,8,302
29569:654,58,616,302,449,6,17,861,542,285
29607:866,7504,92433,11544,75803,74153,17,62712,87940,34186
29620:58,17,654,861,302,554,591,289,1804,101
29708:17,75771,616,302,486,10049,861,654,58,1405
29725:55992,53257,37271,34612,102586,62537,24037,33026,102750,118791
29763:25077,14927,57414,92067,85530,4812,87359,88136,114101,65979
29786:46791,5465,17,26496,48486,4195,10205,12560,119171,88585
29864:361,80228,79179,67200,67477,18288,254,302,138,654
29898:17,90529,61494,120344,121676,39791,64605,5975,931,84434
29921:866,361,302,76,899,650,654,84,698,2008
29943:26531,82671,98227,15204,39756,56568,53369,2509,45974,8583
29968:11543,19648,83825,8692,59964,4023,37186,53894,52953,57294
29972:74861,542,17,22695,302,690,654,32,1239,1869
30071:698,76,654,4387,32,58,17,302,122998,65823
30085:29,17,654,15521,50153,147,31938,9906,18851,30301
30088:48,17,1187,2162,1119,875,302,891,84,650
30111:17,49976,85766,84,7620,787,9617,72372,287,2302
30247:522,379,43716,27879,83363,118299,59068,45536,111201,92811
30264:17,616,89405,118473,120597,112422,654,302,58,542
30282:361,17,42907,110480,254,1912,302,138,654,650
30288:36886,6201,20572,8396,15069,53386,33604,11104,76697,41996
30304:11584,931,15802,17,22108,947,1539,26641,70,371
30312:17,101,58,554,654,138,1804,518,302,17295
30328:13108,46776,24775,16611,34814,16468,40315,27638,70853,87915
30375:17,654,302,101,289,861,354,29,518,76
30399:2778,2600,13087,42073,100600,40570,95019,15532,16935,23854
30401:17,5956,3265,9313,2631,4508,12236,58,224,650
30482:361,17,254,302,2638,654,138,354,650,358
30582:10291,17,30139,40898,650,564,45322,108904,56151,80586
30621:38234,7273,117134,96584,14824,46787,75603,44066,86026,70966
30626:47544,96824,21607,107777,103775,110104,15906,10099,122762,31883
30670:654,58,302,84,354,101,138,518,616,650
30701:4754,302,866,654,899,84,361,138,70,650
30721:17,28020,616,542,32,363,245,75316,364,508
30767:8066,50908,2548,109137,105750,53749,22128,84238,15131,22546
30825:302,17,58,29,616,84,6,1102,354,542
30840:17,33326,97216,107399,118276,111868,112532,47631,472,899
30874:19411,82205,120517,65379,110827,105349,17,83290,787,84
30876:75852,17708,22891,104993,85020,9854,1326,80390,111317,116746
30934:616,302,17,58,29,861,85548,84,1102,6
30982:33504,69909,35355,52930,113296,84700,6156,82466,22023,83110
31001:17,564,654,302,84,616,58,1102,76,354
31005:654,302,17,58,726,29,616,837,6,285
31105:262,168,984,5480,574,8860,760,2642,135,719
31159:157,27070,3196,5111,27094,2548,7160,14793,10541,14900
31275:654,29,84,866,58,138,650,361,70,899
31356:610,542,15,654,302,616,61,58,322,29
31371:616,302,654,17,58,356,542,29,861,2185
31462:14444,698,123296,17853,111302,97912,138,21409,70,17
31475:46671,302,866,899,361,654,138,650,84,273
31545:1121,31670,17,69282,82785,7098,68787,21206,68051,8
31578:65428,33427,66366,118201,34920,80605,70497,74785,14237,3360
31639:108190,35373,85150,69164,71432,81,34866,69491,27783,24917
31644:44663,698,76,17,361,4880,866,40,81,37192
31653:840,3196,6754,33763,3370,27070,10541,14793,5111,45954
31744:302,58,654,17,861,29,44155,84,591,1476
31920:17,39829,518,650,654,616,76,564,508,236
31926:6491,785,18239,6127,73942,17,500,55357,21799,11671
32043:29,17,654,58,84,1102,616,1476,354,495
32105:302,650,654,182,58,84,899,1245,616,866
32110:564,17,302,616,654,58,650,84,354,29
32140:17,19392,30280,899,650,518,2764,1360,302,70
32161:1528,5480,984,9417,463,10267,8860,168,9984,81070
32165:56538,17,62664,102504,12982,30056,19102,2548,1002,32914
32189:17,1370,84,302,109369,111272,13917,245,616,931
32300:364,542,654,616,302,58,17,58638,34173,34180
32338:32010,2139,22313,17,41517,33340,21912,112160,15671,76
32356:2292,785,6127,686,32616,21799,60905,100762,70116,89847
32409:76,616,736,17,302,58,654,542,8,101
32439:302,654,84,866,138,361,1102,29,58,650
32451:302,17,654,650,58,616,29,2618,4400,239
32641:5452,7201,9669,26272,58432,54147,18260,59257,32652,45365
32656:30724,302,654,17,616,58,29,1358,120840,199
32684:58,289,101,3160,28061,7222,12440,73,2469,2424
32715:23824,13895,6379,34553,50442,19433,58935,43734,121591,25716
32751:6840,37121,17,76,650,14661,616,518,8,302
32780:92269,25820,56642,74797,27771,84669,95594,38798,94460,1091
32823:57114,77997,65854,88399,6670,51990,115622,46250,69159,112213
32843:12329,27157,77917,32549,16150,29004,54758,30431,24272,20626
32871:89861,74382,81756,96569,10098,96998,25142,2830,43106,103349
32893:168,661,984,21371,2642,2153,1400,5480,34397,7180
32919:17,302,616,654,58,29,518,190,138,238
32936:78848,45699,52001,4263,2729,65976,71609,96319,115924,53982
32978:115784,53216,65666,48602,17,302,654,5077,8019,9426
33043:17,29,654,58,25336,72527,91253,84,40677,616
33045:32832,106780,94521,119282,23079,61995,76400,25409,107706,68836
33149:48,899,17,6450,4420,302,6945,891,84,3730
33151:33504,69909,35355,52930,113296,84700,6156,82466,22023,83110
33181:17,986,226,302,301,654,68278,102302,81,1888
33225:441,710,3618,4989,17,1002,564,4715,16465,1340
33316:302,654,866,84,899,361,138,58,650,354
33346:2030,302,17,58,616,654,447,15,84,6
33352:48,899,1187,6450,1119,4420,17,6945,496,14370
33373:17,1606,12776,518,4364,3766,302,3448,650,1912
33421:4671,58120,39526,105394,94677,7622,18491,753,66128,2543
33491:5383,37827,81,59838,107987,1400,399,47993,57371,2548
33541:2153,49882,5480,93280,1460,41506,106214,4103,760,6097
33590:302,654,616,58,17,29,224,15,162,47185
33701:28839,73938,115008,60741,19955,84235,98534,55656,72059,58372
33707:81,70,780,226,68278,542,302,39336,3423,17
33737:17,616,224,302,650,654,58,62,1245,518
33783:30663,76477,34662,34912,4763,46086,51156,49573,52646,30326
33787:81,7211,16217,140,2241,780,302,3423,650,289
33807:4792,168,574,7994,1400,463,8860,1740,8733,2632
33844:76,8583,698,564,2509,69831,40001,2139,2414,56465
33884:533,4889,14268,6224,9054,6668,4656,44227,50016,14532
34041:61303,50147,2607,22880,112666,31156,15830,70,17660,96913
34068:875,1187,899,48,17,6945,14370,496,2935,15242
34148:7911,18779,54901,17,20258,736,616,302,654,650
34174:17,654,42738,16651,79841,58,616,542,518,13373
34188:84,58,1102,616,866,239,138,1476,495,76
34292:17,77826,650,616,42105,302,654,58,554,518
34304:17,616,58,116993,74054,66415,101272,111549,27843,113950
34403:18994,16745,35426,19406,37164,103141,3290,39438,102624,93908
34421:302,654,1512,84,58,354,616,29,1102,239
34433:168,719,1528,984,661,8860,5480,14858,5557,9417
34470:17,654,76,302,138,1023,616,190,564,179
34492:17,564,650,1069,698,302,616,40,361,1344
34512:168,2642,5557,135,1400,661,8860,76,5480,8733
34527:42354,25569,3423,3374,780,5767,262,17,140,11839
34529:302,654,58,591,861,650,84,62,138,518
34541:931,26571,28248,710,6328,11670,33619,9413,947,11268
34603:1913,31633,56363,82361,4738,30661,6387,12832,87135,40263
34698:2268,353,17,1951,58,29097,16514,616,8,75970
34709:6901,2354,8783,6117,4110,4146,10302,12093,4093,8129
34710:26876,17,1245,650,182,69914,29519,68654,7057,105961
34753:75114,41620,8557,76291,123112,86391,6049,85017,23046,82674
34833:17,68750,102019,302,5724,87195,46265,92983,14591,616
34839:70265,80641,17494,49244,52854,2153,6097,2337,1528,1326
34901:1784,16669,49421,84712,78588,29483,35236,70970,12165,42676
34973:23950,6468,545,14597,2290,80492,14034,2309,39436,11315
34974:654,29,17,616,289,101,84,1102,6,1476
34978:88144,47099,51288,285,596,34020,6284,1475,1089,58
35005:17,554,58,138,59708,60962,76058,53722,71013,90948
35021:17,1023,518,654,3841,138,1126,554,49628,49836
35087:17,302,654,616,554,1804,29,289,138,62
35150:654,616,58,17,302,15,61,364,564,1196
35214:33223,22801,4979,10543,28166,39619,56217,15475,18892,48992
35231:7211,140,2241,780,1749,16680,5767,3374,3137,986
35348:58,302,861,17,654,361,29,84,1424,591
35365:84,302,654,1102,29,616,58,354,101,289
35380:302,58,17,861,29,84,1102,354,591,542
35456:206,16611,4937,34814,46776,24775,9069,24351,75656,27638
35518:81,780,39166,100834,62199,38075,17,81253,48728,50543
35572:302,58,17,654,596,616,29,6,15,84
35582:3378,10178,64973,32261,7649,216,40483,186,45641,40356
35593:35554,51893,64306,74644,27908,91502,16121,83310,83714,111165
35623:875,899,48,1187,6450,17,3389,4420,1119,891
35676:1397,2510,4889,9054,4656,4341,6224,50016,60044,8640
35688:17,654,302,58,29,616,726,518,138,650
35806:101,17,554,58,302,518,654,616,650,73
35850:52,1140,1023,654,302,58,162,17,616,84
35900:944,58,616,302,17,654,86344,17125,106265,15
35941:302,70546,71192,71524,121140,70369,44545,226,138,899
35969:2153,6097,5480,984,168,1326,9417,1460,1400,8860
35982:81,2379,2204,226,1749,3423,140,1316,1884,1888
36135:17,90504,20238,12383,3573,650,70,361,7237,302
36179:17,30862,36024,26250,39420,518,1479,29598,90559,61491
36185:23950,85150,69164,108190,71432,39436,11067,14467,24896,10330
36313:616,58,654,302,162,17,29,861,6,542
36330:680,1358,15571,15193,77964,58,51678,43827,81155,44340
36355:18476,1919,105524,27027,9341,43152,123155,26919,87928,41954
36358:88737,616,17,302,58,12332,19141,654,76,564
36468:302,654,58,17,616,84,495,354,1102,285
36471:76,3902,698,5550,7153,10617,3348,58,901,17
36508:394,17,650,6546,101,94847,302,6353,3429,109195
36585:6097,2153,2337,9800,1326,1528,5738,168,297,336
36595:58,861,302,654,17,591,84,542,29,1424
36620:10041,1352,189,5624,2880,1527,8848,3107,3172,10687
36730:17,616,13832,302,58,225,654,542,861,238
36960:17,616,302,654,542,58,245,61,32,6
37058:866,17,57694,66322,107468,66806,43600,36751,102678,86738
37078:14557,81,102254,613,116904,106730,29681,118115,20412,30764
37088:81,3374,1749,34974,92688,34982,780,7211,1747,39599
37160:4755,2880,10041,1352,3107,1527,6434,5624,12990,189
37175:654,58,302,616,17,29,1140,861,542,322
37222:510,17,654,616,302,101422,110652,112057,58,650
37358:11579,53702,23111,83182,20052,49711,38213,2796,31307,43617
37404:866,17,302,13523,546,654,254,650,138,518
37443:14444,17,7006,76,59036,118704,3864,3915,95402,508
37480:30357,9794,54703,56965,74686,98661,10493,1803,91391,22476
37515:302,654,866,84,899,361,138,58,650,354
37516:58,861,302,654,17,591,84,542,29,1424
37701:302,17,654,58,354,84,616,1476,1102,787
37753:4146,10692,26915,8783,26383,87075,44065,684,4110,43501
37816:2778,17,23470,654,3275,508,61242,25253,840,61
37911:616,2779,30664,7229,65508,302,66637,68912,102207,15699
37934:302,654,84,354,58,1102,650,29,3622,866
38057:49394,117936,28219,36993,102827,38886,13260,92526,106229,542
38108:1102,17,302,654,354,8,29,58,616,1762
38281:123188,29775,88055,105051,98079,17,302,616,84,654
38431:17,302,58,29,616,138,84,650,866,1102
38546:17,2369,616,58,302,654,84,29,2644,861
38578:354,138,1462,521,302,1762,58,17,654,65896
38648:20938,5232,30412,16710,747,60328,93322,83264,19940,1625
38868:17,654,58,239,84,1476,1102,616,726,495
38870:616,302,17,654,58,650,394,564,542,6
38967:19029,5611,44935,94354,9782,20037,76460,22848,7614,48582
39083:36556,28852,73981,88332,119372,111037,119481,76581,26038,85540
39084:81,2379,68278,3423,18639,140,9121,1749,16685,15243
39188:361,17,254,302,2638,654,138,354,650,358
39237:58,17,616,302,654,101,289,542,363,84
39295:866,17,76,546,254,698,4880,1995,358,302
39391:17,65137,616,650,518,654,554,302,542,1403
39393:616,84,17,302,8,518,114,4032,104518,101
39430:102463,74353,23218,29690,91157,107707,38199,87411,100079,36853
39555:441,38225,5083,14538,4513,8705,6315,16506,13881,371
39556:302,654,17,58,84,1476,616,1102,354,495
39580:654,302,616,58,17,542,84,15,61,146
39718:45746,88705,31999,17,53537,4671,542,7622,508,302
39863:616,654,302,58,542,15,17,861,61,162
39878:302,654,866,84,899,361,138,58,650,354
39903:302,654,866,84,899,361,138,58,650,354
39967:81,17,76,731,564,40,2139,508,616,650
39979:122970,52370,15603,70,168,9783,107744,73325,57738,58001
40043:361,17,254,302,2638,654,138,354,650,358
40053:726,302,654,58,239,17,395,616,29,3
40098:361,17,254,302,2638,654,138,354,650,358
40149:17,302,564,616,58,654,155,650,542,861
40163:1397,4889,9054,14268,5975,6563,2510,8772,603,65182
40195:17,1119,654,84,302,616,58,15,354,363
40234:616,650,1196,1403,542,3101,238,17,654,409
40235:616,17,58,302,654,6,542,15,84,861
40258:35229,168,5738,5480,8860,1400,297,1460,10267,801
40682:39735,63232,168,5480,8860,984,463,3698,719,661
40782:510,654,302,17,616,58,84,1102,8,29
40789:17,8,654,616,43695,302,2937,518,58,84
40790:14966,9095,7627,22816,12080,87631,20836,21981,12070,16701
41019:4108,98532,111946,75127,56795,68575,33124,114419,87490,48850
41027:780,3423,17,58,302,76,226,7211,70,542
41055:719,5480,9874,2318,661,463,984,5738,8860,12722
41089:17,1295,15423,302,650,616,58,97,654,29
41174:10866,8923,30490,7268,16817,18920,13743,42865,7097,7926
41227:361,1102,302,354,654,899,138,29,8,518
41424:654,58,302,616,17,29,1140,861,542,322
41430:81,1749,780,32166,2379,7211,2204,986,3423,140
41464:20248,51905,53789,46400,30137,30842,21527,96756,28624,33302
41483:654,302,616,17,289,29,101,84,6,285
41510:36425,302,84,8,46540,19741,17,111922,108190,85150
41575:20405,719,7491,15720,17,564,17191,661,9417,9874
41792:17,117145,109047,41775,106457,302,24638,55384,50682,654
41846:32,209,616,1109,15,542,364,289,302,1086
41859:42146,34441,96620,28596,24835,60733,17993,116446,116710,78748
41975:43472,100828,68142,121409,45638,62132,64505,94069,34290,17980
42033:5812,3484,48092,17,76,17403,62168,87110,698,76373
42179:4941,2447,24211,11641,3180,37386,5598,10342,4126,16155
42229:85314,114876,47514,43538,89056,119806,39976,46122,38026,85780
42365:616,17,654,302,58,542,61,861,285,29
42461:17,13832,225,7067,696,616,302,654,8,78727
42500:17,1205,2557,8873,1886,2733,4444,616,827,302
42568:1913,2265,21332,5363,1149,26036,115193,50622,90915,26137
42590:302,654,866,84,899,361,138,58,650,354
42697:719,545,11315,14034,2290,27275,6468,14597,463,5480
42698:25192,114113,42330,17,168,22584,46610,2632,26279,76001
42876:70,138,17,654,354,302,1535,5581,1023,5268
43094:302,93565,654,17,58,616,115079,107952,76449,86368
43359:302,654,17,58,1476,616,84,495,1102,354
43412:45112,28399,27340,63908,19964,7026,63505,10448,73267,51437
43537:114776,26773,111007,29634,115688,81380,26438,87952,35550,99380
43592:302,654,182,866,84,899,650,138,58,361
43635:302,654,17,58,84,1476,616,1102,354,495
43681:81,2379,3423,226,17317,25098,6419,41553,99798,100933
43748:302,395,17,654,239,58,29,616,726,3
43865:39882,1790,17047,5545,3376,13129,68038,226,2860,113325
43933:41951,87253,12864,83806,121420,11813,48397,70,17,21559
44005:48,899,2162,6450,1119,17,4420,6945,14370,891
44009:726,654,302,17,58,239,616,542,395,29
44097:15560,60053,1986,40848,78389,99793,9354,44383,49842,22680
44176:1352,10041,1527,3107,189,4825,2880,3172,245,6434
44370:1102,17,302,654,354,8,29,58,616,1762
44416:17,394,302,138,3614,654,616,58,1217,650
44797:394,289,61,302,58,542,17,616,654,15
45009:107489,21538,67071,81800,10848,54371,74758,48618,5763,36989
45016:45603,76394,95855,110496,3423,780,17,226,1292,76
45054:17,650,302,654,616,58,106636,80588,518,554
45261:49259,46119,62085,57593,44909,65067,68576,70717,51504,55951
45293:102853,6780,74481,23687,50972,111430,29114,39787,4521,65022
45294:654,302,616,17,289,29,101,84,6,285
45298:30646,64271,114614,10060,28557,56002,6890,89728,43712,22316
45331:66792,929,5215,18966,27027,88574,28005,118791,23284,2703
45518:361,17,254,76,302,654,138,650,358,2638
45663:302,654,866,84,58,138,650,749,361,354
45815:654,616,302,17,289,101,29,861,542,224
45843:17,76,736,8507,90726,3161,23734,616,518,650
45909:17,302,650,654,138,616,58,1558,224,182
46072:302,654,84,58,866,138,29,354,616,1102
46084:7353,1153,63674,117044,22930,80517,78530,54043,103700,83524
46315:15560,13568,1986,98423,102580,92484,2377,40848,44628,78389
46334:17,654,29,58,616,138,84,749,518,1102
46473:17,2447,17198,4941,2934,302,12841,8209,42382,236
46483:361,17,254,302,2638,654,138,354,650,358
46558:58011,82962,83481,73444,986,76,4463,113668,83706,616
46560:1744,441,89176,1065,15067,65974,6603,110801,48367,110084
47486:11176,32170,51233,111319,19677,56909,61,58,29,79988
47659:26652,122910,63627,39610,86929,109526,11314,87238,7683,55528
47829:463,27513,40280,122430,63420,85802,112874,91892,719,399
48276:1187,17,899,48,891,2162,875,1389,1057,496
48414:17,65548,26098,83863,508,542,5395,4840,410,564
48549:302,17,58,29,616,84,1102,354,6,289
48837:102102,2515,80271,21165,19501,2852,61844,88988,111896,118194
49112:46531,59078,120668,41108,113647,87713,54547,18103,86782,101265
49450:429,7067,42785,24894,82400,96605,55749,113663,19789,66492
49664:719,5480,9874,2318,661,463,984,5738,8860,12722
49684:776,236,17586,10075,20501,3448,56724,15837,91615,17
49916:361,17,254,302,2638,654,138,354,650,358
50007:7779,38,30543,39992,165,389,10989,427,36069,5699
50046:302,17,58,29,616,84,1102,354,6,289
50167:302,654,866,84,899,361,138,58,650,354
50184:17,226,53381,138,1462,302,650,654,1535,76
50277:14636,20931,36227,939,19925,3535,39096,82094,72675,59184
50290:1606,12776,4364,17,3766,518,7333,2966,25733,899
50411:17,58,591,861,302,654,650,518,554,138
50692:69926,76078,340,82342,43863,78713,52179,122035,109684,20191
50702:302,654,866,84,899,361,138,58,650,354
50715:83998,82240,100873,78751,47614,83053,64766,89469,62262,4852
50802:7622,19152,1547,2543,7334,12861,1011,8427,17486,8759
50846:16763,2307,13039,14181,33785,931,28033,52609,500,80248
51105:885,16995,31315,19330,19829,23970,1546,79096,12216,14651
51833:72573,120851,112890,82230,89561,58352,44658,92133,22539,118821
52385:29270,55843,98874,26988,119377,795,78637,15321,85583,75398
52423:13858,4936,31629,120179,20102,118448,24257,24357,45480,22906
52646:72215,84586,27755,20095,99513,115479,5406,115098,13816,26612
52656:8359,17,302,19779,1097,112461,74916,1050,65698,112651
52778:81,5663,13785,17,41129,1851,57407,76,14013,53532
53391:12423,55364,113803,36819,757,69690,49227,67835,93409,94391
53643:564,17,302,616,654,58,650,84,354,29
54114:81127,75649,72485,71853,73659,84382,69943,68755,84480,89385
55300:302,654,866,84,899,361,138,58,650,354
55670:76,616,736,17,302,58,654,542,8,101
